
=============================================================================================================================================================================

                                                                             Core map (t=0)

=============================================================================================================================================================================
 Block average:
  Blk ID          Volume Fission neutron           Power      Absorption     Scalar flux
       9     1550.566789    0.000000e+00    0.000000e+00    5.523572e-09    9.766218e-04
     101      681.023327    1.744473e-05    2.322583e-16    1.047654e-05    3.374230e-04
     102      681.023327    3.367550e-05    4.485396e-16    2.012843e-05    5.785439e-04
     103      681.023327    4.768159e-05    6.351515e-16    2.848187e-05    7.952079e-04
     104      681.023327    6.031273e-05    8.034268e-16    3.598564e-05    9.965403e-04
     105      681.023327    7.159043e-05    9.536619e-16    4.272313e-05    1.179604e-03
     106      681.023327    8.154471e-05    1.086264e-15    4.864612e-05    1.340956e-03
     107      681.023327    8.970529e-05    1.194967e-15    5.350229e-05    1.476131e-03
     108      681.023327    9.601735e-05    1.279044e-15    5.727680e-05    1.581371e-03
     109      681.023327    1.004215e-04    1.337711e-15    5.989551e-05    1.653382e-03
     110      681.023327    1.026093e-04    1.366849e-15    6.119505e-05    1.690035e-03
     111      681.023327    1.026319e-04    1.367149e-15    6.120432e-05    1.689794e-03
     112      681.023327    1.003743e-04    1.337080e-15    5.986802e-05    1.652706e-03
     113      681.023327    9.603350e-05    1.279259e-15    5.727740e-05    1.580289e-03
     114      681.023327    8.971074e-05    1.195040e-15    5.350819e-05    1.474664e-03
     115      681.023327    8.131846e-05    1.083244e-15    4.852499e-05    1.339361e-03
     116      681.023327    7.157968e-05    9.535227e-16    4.270377e-05    1.178415e-03
     117      681.023327    6.031124e-05    8.034083e-16    3.598988e-05    9.955902e-04
     118      681.023327    4.760352e-05    6.341128e-16    2.842733e-05    7.944393e-04
     119      681.023327    3.364778e-05    4.481723e-16    2.011543e-05    5.781074e-04
     120      681.023327    1.745218e-05    2.323567e-16    1.048063e-05    3.372772e-04
    1000    21851.869088    0.000000e+00    0.000000e+00    4.908803e-07    5.109183e-04
    1100      341.595819    0.000000e+00    0.000000e+00    1.608969e-05    9.455675e-04
    1200      245.112369    0.000000e+00    0.000000e+00    4.524343e-06    9.585203e-04

 Block max:
  Blk ID Fission neutron           Power      Absorption     Scalar flux
       9    0.000000e+00    0.000000e+00    8.325335e-09    1.472077e-03
     101    2.042875e-05    2.721359e-16    1.192214e-05    3.558824e-04
     102    3.739236e-05    4.982310e-16    2.175663e-05    6.097885e-04
     103    5.303809e-05    7.067614e-16    3.082158e-05    8.379391e-04
     104    6.771739e-05    9.023986e-16    3.927415e-05    1.050017e-03
     105    8.073216e-05    1.075845e-15    4.682619e-05    1.243006e-03
     106    9.225704e-05    1.229433e-15    5.348176e-05    1.413256e-03
     107    1.019051e-04    1.358007e-15    5.904346e-05    1.556022e-03
     108    1.091130e-04    1.454059e-15    6.322841e-05    1.667251e-03
     109    1.143032e-04    1.523226e-15    6.622078e-05    1.743396e-03
     110    1.169313e-04    1.558246e-15    6.773070e-05    1.782149e-03
     111    1.169117e-04    1.557982e-15    6.771879e-05    1.781893e-03
     112    1.142535e-04    1.522562e-15    6.618875e-05    1.742642e-03
     113    1.092379e-04    1.455724e-15    6.329266e-05    1.666036e-03
     114    1.019948e-04    1.359203e-15    5.909561e-05    1.554390e-03
     115    9.204486e-05    1.226601e-15    5.337580e-05    1.411503e-03
     116    8.080784e-05    1.076858e-15    4.685030e-05    1.241662e-03
     117    6.754813e-05    9.001425e-16    3.919225e-05    1.048952e-03
     118    5.297500e-05    7.059220e-16    3.077093e-05    8.370688e-04
     119    3.734580e-05    4.976124e-16    2.173203e-05    6.092742e-04
     120    2.044615e-05    2.723674e-16    1.193262e-05    3.556890e-04
    1000    0.000000e+00    0.000000e+00    1.625078e-06    1.366264e-03
    1100    0.000000e+00    0.000000e+00    2.474542e-05    1.393911e-03
    1200    0.000000e+00    0.000000e+00    6.707823e-06    1.397988e-03

