
=============================================================================================================================================================================

                                                                             Core map (t=0)

=============================================================================================================================================================================
 Block average:
  Blk ID          Volume Fission neutron           Power      Absorption     Scalar flux
       9     1550.566789    0.000000e+00    0.000000e+00    4.234675e-09    8.399935e-04
     101       22.593191    2.297156e-05    3.057481e-16    1.385081e-05    4.766468e-04
     102       22.593191    4.467663e-05    5.949343e-16    2.671736e-05    8.141400e-04
     103       22.593191    6.258948e-05    8.335382e-16    3.743717e-05    1.113433e-03
     104       22.593191    7.904949e-05    1.052781e-15    4.723990e-05    1.386563e-03
     105       22.593191    9.289240e-05    1.237152e-15    5.555998e-05    1.630993e-03
     106       22.593191    1.055426e-04    1.405642e-15    6.305416e-05    1.843102e-03
     107       22.593191    1.159065e-04    1.543673e-15    6.928524e-05    2.018361e-03
     108       22.593191    1.237554e-04    1.648207e-15    7.397461e-05    2.153015e-03
     109       22.593191    1.287523e-04    1.714757e-15    7.688183e-05    2.244025e-03
     110       22.593191    1.311881e-04    1.747193e-15    7.840639e-05    2.289546e-03
     111       22.593191    1.310273e-04    1.745049e-15    7.832788e-05    2.289068e-03
     112       22.593191    1.284504e-04    1.710742e-15    7.679576e-05    2.243017e-03
     113       22.593191    1.233546e-04    1.642872e-15    7.374808e-05    2.152390e-03
     114       22.593191    1.157703e-04    1.541866e-15    6.915569e-05    2.018337e-03
     115       22.593191    1.058343e-04    1.409525e-15    6.320301e-05    1.843521e-03
     116       22.593191    9.347029e-05    1.244854e-15    5.581495e-05    1.631999e-03
     117       22.593191    7.919536e-05    1.054719e-15    4.735591e-05    1.387447e-03
     118       22.593191    6.261221e-05    8.338465e-16    3.747093e-05    1.113201e-03
     119       22.593191    4.457571e-05    5.935778e-16    2.668117e-05    8.138683e-04
     120       22.593191    2.308456e-05    3.072528e-16    1.388057e-05    4.769221e-04
     201       38.731184    2.239247e-05    2.980374e-16    1.348715e-05    4.652609e-04
     202       38.731184    4.367791e-05    5.816357e-16    2.612911e-05    7.950113e-04
     203       38.731184    6.158615e-05    8.201908e-16    3.681089e-05    1.087482e-03
     204       38.731184    7.725104e-05    1.028833e-15    4.618171e-05    1.354491e-03
     205       38.731184    9.115543e-05    1.214030e-15    5.448843e-05    1.593102e-03
     206       38.731184    1.032018e-04    1.374474e-15    6.169260e-05    1.799967e-03
     207       38.731184    1.131296e-04    1.506692e-15    6.758464e-05    1.970640e-03
     208       38.731184    1.206226e-04    1.606481e-15    7.212055e-05    2.102150e-03
     209       38.731184    1.257342e-04    1.674569e-15    7.514647e-05    2.191186e-03
     210       38.731184    1.283339e-04    1.709190e-15    7.669187e-05    2.236129e-03
     211       38.731184    1.280983e-04    1.706036e-15    7.657083e-05    2.235750e-03
     212       38.731184    1.254090e-04    1.670230e-15    7.495978e-05    2.190554e-03
     213       38.731184    1.208787e-04    1.609912e-15    7.217197e-05    2.101903e-03
     214       38.731184    1.129507e-04    1.504313e-15    6.751888e-05    1.970822e-03
     215       38.731184    1.033401e-04    1.376320e-15    6.177279e-05    1.800125e-03
     216       38.731184    9.109184e-05    1.213176e-15    5.445701e-05    1.593643e-03
     217       38.731184    7.716370e-05    1.027675e-15    4.616447e-05    1.354846e-03
     218       38.731184    6.150672e-05    8.191305e-16    3.679464e-05    1.087190e-03
     219       38.731184    4.349027e-05    5.791301e-16    2.603498e-05    7.949476e-04
     220       38.731184    2.259673e-05    3.007564e-16    1.359105e-05    4.656090e-04
     301       58.096777    2.178387e-05    2.899457e-16    1.309975e-05    4.477148e-04
     302       58.096777    4.196519e-05    5.588255e-16    2.513882e-05    7.650071e-04
     303       58.096777    5.939013e-05    7.909491e-16    3.551627e-05    1.046761e-03
     304       58.096777    7.473239e-05    9.953050e-16    4.466893e-05    1.304124e-03
     305       58.096777    8.804640e-05    1.172636e-15    5.262360e-05    1.533750e-03
     306       58.096777    9.959247e-05    1.326411e-15    5.952194e-05    1.732610e-03
     307       58.096777    1.091788e-04    1.454086e-15    6.520834e-05    1.896832e-03
     308       58.096777    1.163258e-04    1.549276e-15    6.951027e-05    2.023426e-03
     309       58.096777    1.214476e-04    1.617494e-15    7.254560e-05    2.109467e-03
     310       58.096777    1.240707e-04    1.652429e-15    7.411790e-05    2.152678e-03
     311       58.096777    1.240186e-04    1.651730e-15    7.411822e-05    2.152464e-03
     312       58.096777    1.212153e-04    1.614387e-15    7.242166e-05    2.108893e-03
     313       58.096777    1.164575e-04    1.551035e-15    6.955562e-05    2.023222e-03
     314       58.096777    1.092854e-04    1.455511e-15    6.525944e-05    1.897240e-03
     315       58.096777    9.962008e-05    1.326774e-15    5.952425e-05    1.732925e-03
     316       58.096777    8.818342e-05    1.174458e-15    5.270174e-05    1.534186e-03
     317       58.096777    7.459494e-05    9.934702e-16    4.459062e-05    1.304169e-03
     318       58.096777    5.923342e-05    7.888568e-16    3.542497e-05    1.046689e-03
     319       58.096777    4.202888e-05    5.596740e-16    2.515918e-05    7.653381e-04
     320       58.096777    2.174866e-05    2.894746e-16    1.308991e-05    4.480032e-04
     401       77.462369    2.073027e-05    2.759302e-16    1.246604e-05    4.235301e-04
     402       77.462369    3.987099e-05    5.309480e-16    2.389084e-05    7.240511e-04
     403       77.462369    5.657090e-05    7.534188e-16    3.379754e-05    9.907335e-04
     404       77.462369    7.097176e-05    9.452324e-16    4.239993e-05    1.234391e-03
     405       77.462369    8.397302e-05    1.118402e-15    5.017818e-05    1.451991e-03
     406       77.462369    9.481146e-05    1.262757e-15    5.664110e-05    1.640126e-03
     407       77.462369    1.038084e-04    1.382585e-15    6.200880e-05    1.795512e-03
     408       77.462369    1.109450e-04    1.477645e-15    6.625752e-05    1.915154e-03
     409       77.462369    1.155145e-04    1.538500e-15    6.900265e-05    1.996482e-03
     410       77.462369    1.180509e-04    1.572281e-15    7.052913e-05    2.037545e-03
     411       77.462369    1.178163e-04    1.569151e-15    7.038814e-05    2.037344e-03
     412       77.462369    1.155002e-04    1.538314e-15    6.901364e-05    1.996277e-03
     413       77.462369    1.108331e-04    1.476146e-15    6.621008e-05    1.915078e-03
     414       77.462369    1.037852e-04    1.382280e-15    6.201513e-05    1.795742e-03
     415       77.462369    9.486447e-05    1.263464e-15    5.665105e-05    1.640488e-03
     416       77.462369    8.387592e-05    1.117111e-15    5.011936e-05    1.452237e-03
     417       77.462369    7.109793e-05    9.469136e-16    4.246337e-05    1.234638e-03
     418       77.462369    5.634453e-05    7.503977e-16    3.369799e-05    9.909156e-04
     419       77.462369    4.027870e-05    5.363846e-16    2.409027e-05    7.245195e-04
     420       77.462369    2.062021e-05    2.744619e-16    1.239475e-05    4.236906e-04
     501       96.827961    1.940001e-05    2.582305e-16    1.166028e-05    3.930681e-04
     502       96.827961    3.748319e-05    4.991710e-16    2.242562e-05    6.726772e-04
     503       96.827961    5.297936e-05    7.056039e-16    3.165522e-05    9.205954e-04
     504       96.827961    6.644902e-05    8.850234e-16    3.970655e-05    1.146921e-03
     505       96.827961    7.850959e-05    1.045669e-15    4.689346e-05    1.348989e-03
     506       96.827961    8.867630e-05    1.181085e-15    5.299483e-05    1.523633e-03
     507       96.827961    9.726198e-05    1.295438e-15    5.809005e-05    1.667920e-03
     508       96.827961    1.037771e-04    1.382217e-15    6.196307e-05    1.779022e-03
     509       96.827961    1.081057e-04    1.439864e-15    6.456698e-05    1.854285e-03
     510       96.827961    1.104723e-04    1.471386e-15    6.598821e-05    1.892472e-03
     511       96.827961    1.103627e-04    1.469933e-15    6.589169e-05    1.892488e-03
     512       96.827961    1.080281e-04    1.438839e-15    6.453600e-05    1.854395e-03
     513       96.827961    1.037365e-04    1.381675e-15    6.194771e-05    1.779047e-03
     514       96.827961    9.727663e-05    1.295630e-15    5.809652e-05    1.668176e-03
     515       96.827961    8.875814e-05    1.182174e-15    5.301826e-05    1.524025e-03
     516       96.827961    7.855313e-05    1.046246e-15    4.692209e-05    1.349339e-03
     517       96.827961    6.647886e-05    8.854217e-16    3.971715e-05    1.147290e-03
     518       96.827961    5.288497e-05    7.043502e-16    3.160462e-05    9.208463e-04
     519       96.827961    3.760319e-05    5.007724e-16    2.249306e-05    6.730269e-04
     520       96.827961    1.936678e-05    2.577913e-16    1.164269e-05    3.932128e-04
     601      116.193553    1.784580e-05    2.375630e-16    1.073451e-05    3.572561e-04
     602      116.193553    3.445711e-05    4.588958e-16    2.062194e-05    6.120196e-04
     603      116.193553    4.861423e-05    6.475010e-16    2.905729e-05    8.374914e-04
     604      116.193553    6.109574e-05    8.137732e-16    3.651649e-05    1.043287e-03
     605      116.193553    7.232060e-05    9.632940e-16    4.320285e-05    1.227041e-03
     606      116.193553    8.168560e-05    1.088034e-15    4.880191e-05    1.385743e-03
     607      116.193553    8.956445e-05    1.192986e-15    5.350086e-05    1.516716e-03
     608      116.193553    9.536801e-05    1.270285e-15    5.696218e-05    1.617683e-03
     609      116.193553    9.960616e-05    1.326738e-15    5.947839e-05    1.686241e-03
     610      116.193553    1.014295e-04    1.351022e-15    6.060051e-05    1.720758e-03
     611      116.193553    1.016567e-04    1.354053e-15    6.071246e-05    1.720856e-03
     612      116.193553    9.956886e-05    1.326236e-15    5.945662e-05    1.686355e-03
     613      116.193553    9.535854e-05    1.270161e-15    5.695021e-05    1.617885e-03
     614      116.193553    8.952069e-05    1.192403e-15    5.346426e-05    1.517080e-03
     615      116.193553    8.165160e-05    1.087582e-15    4.877032e-05    1.386144e-03
     616      116.193553    7.236647e-05    9.639077e-16    4.321589e-05    1.227467e-03
     617      116.193553    6.122356e-05    8.154751e-16    3.658099e-05    1.043668e-03
     618      116.193553    4.856936e-05    6.469035e-16    2.902398e-05    8.377375e-04
     619      116.193553    3.448019e-05    4.592047e-16    2.063535e-05    6.121887e-04
     620      116.193553    1.777500e-05    2.366189e-16    1.068318e-05    3.573820e-04
     701      135.559146    1.619157e-05    2.155706e-16    9.731875e-06    3.170496e-04
     702      135.559146    3.124486e-05    4.161625e-16    1.867905e-05    5.428309e-04
     703      135.559146    4.402354e-05    5.864234e-16    2.630726e-05    7.426087e-04
     704      135.559146    5.539644e-05    7.379433e-16    3.308925e-05    9.248975e-04
     705      135.559146    6.557056e-05    8.734837e-16    3.915804e-05    1.087638e-03
     706      135.559146    7.416876e-05    9.880270e-16    4.428377e-05    1.228251e-03
     707      135.559146    8.109124e-05    1.080240e-15    4.842939e-05    1.344233e-03
     708      135.559146    8.666428e-05    1.154484e-15    5.173127e-05    1.433518e-03
     709      135.559146    9.042133e-05    1.204538e-15    5.397740e-05    1.494093e-03
     710      135.559146    9.223229e-05    1.228662e-15    5.505750e-05    1.524743e-03
     711      135.559146    9.225122e-05    1.228912e-15    5.505610e-05    1.524840e-03
     712      135.559146    9.046794e-05    1.205163e-15    5.399223e-05    1.494331e-03
     713      135.559146    8.679789e-05    1.156269e-15    5.179101e-05    1.433781e-03
     714      135.559146    8.131722e-05    1.083257e-15    4.854785e-05    1.344664e-03
     715      135.559146    7.421226e-05    9.886070e-16    4.429735e-05    1.228720e-03
     716      135.559146    6.547304e-05    8.721811e-16    3.909544e-05    1.087994e-03
     717      135.559146    5.543775e-05    7.384920e-16    3.312080e-05    9.252604e-04
     718      135.559146    4.404081e-05    5.866537e-16    2.630840e-05    7.428972e-04
     719      135.559146    3.126650e-05    4.164514e-16    1.869589e-05    5.430308e-04
     720      135.559146    1.619779e-05    2.156530e-16    9.734614e-06    3.171947e-04
     801      135.559146    1.527239e-05    2.033915e-16    9.155789e-06    2.797964e-04
     802      135.559146    2.907599e-05    3.873633e-16    1.733233e-05    4.748835e-04
     803      135.559146    4.106788e-05    5.471809e-16    2.447202e-05    6.484366e-04
     804      135.559146    5.177099e-05    6.898126e-16    3.083613e-05    8.070218e-04
     805      135.559146    6.127461e-05    8.164533e-16    3.647761e-05    9.486090e-04
     806      135.559146    6.940835e-05    9.248340e-16    4.130571e-05    1.071043e-03
     807      135.559146    7.628317e-05    1.016441e-15    4.538193e-05    1.172191e-03
     808      135.559146    8.129187e-05    1.083182e-15    4.835261e-05    1.249934e-03
     809      135.559146    8.480901e-05    1.130053e-15    5.047046e-05    1.302598e-03
     810      135.559146    8.663361e-05    1.154357e-15    5.151834e-05    1.329227e-03
     811      135.559146    8.658218e-05    1.153675e-15    5.149337e-05    1.329311e-03
     812      135.559146    8.466359e-05    1.128106e-15    5.037045e-05    1.302608e-03
     813      135.559146    8.129101e-05    1.083173e-15    4.837368e-05    1.249934e-03
     814      135.559146    7.609345e-05    1.013915e-15    4.528937e-05    1.172436e-03
     815      135.559146    6.953444e-05    9.265179e-16    4.137435e-05    1.071527e-03
     816      135.559146    6.129756e-05    8.167534e-16    3.647765e-05    9.489868e-04
     817      135.559146    5.175637e-05    6.896125e-16    3.081992e-05    8.073309e-04
     818      135.559146    4.107446e-05    5.472633e-16    2.446940e-05    6.486657e-04
     819      135.559146    2.903665e-05    3.868378e-16    1.732233e-05    4.750357e-04
     820      135.559146    1.527017e-05    2.033634e-16    9.160373e-06    2.799296e-04
    1000      245.112369    0.000000e+00    0.000000e+00    3.476858e-06    8.311325e-04
    1100      341.595819    0.000000e+00    0.000000e+00    1.200330e-05    8.123937e-04
    1200    21851.869088    0.000000e+00    0.000000e+00    4.024600e-07    4.260893e-04

 Block max:
  Blk ID Fission neutron           Power      Absorption     Scalar flux
       9    0.000000e+00    0.000000e+00    6.321773e-09    1.251939e-03
     101    2.316889e-05    3.083740e-16    1.396919e-05    4.807934e-04
     102    4.502724e-05    5.996019e-16    2.692836e-05    8.211089e-04
     103    6.309345e-05    8.402489e-16    3.773918e-05    1.122874e-03
     104    7.963639e-05    1.060596e-15    4.759552e-05    1.398247e-03
     105    9.362121e-05    1.246857e-15    5.599732e-05    1.644822e-03
     106    1.063945e-04    1.416987e-15    6.356361e-05    1.858840e-03
     107    1.169324e-04    1.557336e-15    6.989373e-05    2.035751e-03
     108    1.248220e-04    1.662413e-15    7.460878e-05    2.171559e-03
     109    1.298366e-04    1.729197e-15    7.752736e-05    2.263300e-03
     110    1.322523e-04    1.761365e-15    7.904253e-05    2.309035e-03
     111    1.321029e-04    1.759374e-15    7.896867e-05    2.308518e-03
     112    1.295477e-04    1.725354e-15    7.744765e-05    2.262157e-03
     113    1.244187e-04    1.657043e-15    7.438115e-05    2.170827e-03
     114    1.167751e-04    1.555247e-15    6.975191e-05    2.035697e-03
     115    1.067451e-04    1.421654e-15    6.374415e-05    1.859363e-03
     116    9.424614e-05    1.255185e-15    5.627713e-05    1.645998e-03
     117    7.985169e-05    1.063460e-15    4.774968e-05    1.399339e-03
     118    6.315090e-05    8.410203e-16    3.779238e-05    1.122713e-03
     119    4.491010e-05    5.980291e-16    2.688372e-05    8.207779e-04
     120    2.327120e-05    3.097363e-16    1.399319e-05    4.810287e-04
     201    2.277241e-05    3.030930e-16    1.371579e-05    4.736083e-04
     202    4.438227e-05    5.910124e-16    2.655284e-05    8.091007e-04
     203    6.262398e-05    8.340103e-16    3.743120e-05    1.106586e-03
     204    7.841391e-05    1.044315e-15    4.688763e-05    1.378107e-03
     205    9.258433e-05    1.233055e-15    5.534862e-05    1.620985e-03
     206    1.048854e-04    1.396892e-15    6.270238e-05    1.831684e-03
     207    1.151537e-04    1.533649e-15    6.878677e-05    2.005601e-03
     208    1.227036e-04    1.634192e-15    7.336087e-05    2.139414e-03
     209    1.278568e-04    1.702832e-15    7.641266e-05    2.229878e-03
     210    1.304721e-04    1.737663e-15    7.796967e-05    2.275401e-03
     211    1.302229e-04    1.734328e-15    7.784063e-05    2.274943e-03
     212    1.275353e-04    1.698544e-15    7.622914e-05    2.229074e-03
     213    1.229278e-04    1.637198e-15    7.339595e-05    2.138990e-03
     214    1.148640e-04    1.529790e-15    6.866060e-05    2.005646e-03
     215    1.051110e-04    1.399901e-15    6.282769e-05    1.831928e-03
     216    9.262608e-05    1.233605e-15    5.537209e-05    1.621758e-03
     217    7.846842e-05    1.045049e-15    4.694691e-05    1.378767e-03
     218    6.256085e-05    8.331678e-16    3.742482e-05    1.106307e-03
     219    4.415346e-05    5.879577e-16    2.643640e-05    8.088727e-04
     220    2.296258e-05    3.056236e-16    1.381148e-05    4.739156e-04
     301    2.232551e-05    2.971520e-16    1.342740e-05    4.600704e-04
     302    4.305666e-05    5.733567e-16    2.579276e-05    7.860659e-04
     303    6.092444e-05    8.113790e-16    3.643630e-05    1.075436e-03
     304    7.655834e-05    1.019617e-15    4.576989e-05    1.339665e-03
     305    9.018527e-05    1.201115e-15    5.391457e-05    1.575549e-03
     306    1.020826e-04    1.359568e-15    6.101829e-05    1.779970e-03
     307    1.118652e-04    1.489853e-15    6.682479e-05    1.948720e-03
     308    1.191867e-04    1.587368e-15    7.123310e-05    2.078797e-03
     309    1.244464e-04    1.657422e-15    7.434706e-05    2.167065e-03
     310    1.271856e-04    1.693904e-15    7.598674e-05    2.211476e-03
     311    1.270900e-04    1.692624e-15    7.596640e-05    2.211192e-03
     312    1.241943e-04    1.654050e-15    7.421596e-05    2.166420e-03
     313    1.193560e-04    1.589629e-15    7.129813e-05    2.078561e-03
     314    1.119708e-04    1.491265e-15    6.687276e-05    1.949050e-03
     315    1.020862e-04    1.359608e-15    6.100294e-05    1.780188e-03
     316    9.041272e-05    1.204142e-15    5.403698e-05    1.576053e-03
     317    7.652039e-05    1.019108e-15    4.574226e-05    1.339808e-03
     318    6.072494e-05    8.087155e-16    3.632049e-05    1.075198e-03
     319    4.308619e-05    5.737495e-16    2.579352e-05    7.861986e-04
     320    2.228030e-05    2.965464e-16    1.341121e-05    4.604032e-04
     401    2.152568e-05    2.865115e-16    1.294756e-05    4.419100e-04
     402    4.140645e-05    5.513868e-16    2.481595e-05    7.551170e-04
     403    5.880470e-05    7.831594e-16    3.513487e-05    1.033192e-03
     404    7.371851e-05    9.818023e-16    4.404854e-05    1.287257e-03
     405    8.720222e-05    1.161395e-15    5.211808e-05    1.514086e-03
     406    9.845248e-05    1.311231e-15    5.882639e-05    1.710338e-03
     407    1.077786e-04    1.435443e-15    6.439191e-05    1.872432e-03
     408    1.153048e-04    1.535692e-15    6.886904e-05    1.997331e-03
     409    1.200475e-04    1.598852e-15    7.171888e-05    2.082261e-03
     410    1.225780e-04    1.632553e-15    7.324772e-05    2.124991e-03
     411    1.223451e-04    1.629446e-15    7.310549e-05    2.124756e-03
     412    1.199498e-04    1.597555e-15    7.168271e-05    2.081838e-03
     413    1.151329e-04    1.533392e-15    6.878597e-05    1.997172e-03
     414    1.078098e-04    1.435863e-15    6.442683e-05    1.872731e-03
     415    9.849888e-05    1.311851e-15    5.883150e-05    1.710692e-03
     416    8.714787e-05    1.160674e-15    5.207861e-05    1.514399e-03
     417    7.388782e-05    9.840580e-16    4.413300e-05    1.287395e-03
     418    5.856550e-05    7.799663e-16    3.502882e-05    1.033244e-03
     419    4.185154e-05    5.573222e-16    2.503384e-05    7.555697e-04
     420    2.143814e-05    2.853438e-16    1.288732e-05    4.421302e-04
     501    2.043403e-05    2.719850e-16    1.228164e-05    4.163228e-04
     502    3.945228e-05    5.253798e-16    2.360476e-05    7.119245e-04
     503    5.572231e-05    7.421161e-16    3.329713e-05    9.741617e-04
     504    6.990784e-05    9.310665e-16    4.177726e-05    1.213701e-03
     505    8.261992e-05    1.100386e-15    4.935088e-05    1.427616e-03
     506    9.331876e-05    1.242887e-15    5.577244e-05    1.612565e-03
     507    1.023679e-04    1.363410e-15    6.114279e-05    1.765367e-03
     508    1.091408e-04    1.453618e-15    6.517330e-05    1.882992e-03
     509    1.137776e-04    1.515370e-15    6.795704e-05    1.962778e-03
     510    1.162846e-04    1.548761e-15    6.946164e-05    2.003210e-03
     511    1.161168e-04    1.546535e-15    6.933330e-05    2.003102e-03
     512    1.136739e-04    1.513998e-15    6.791303e-05    1.962725e-03
     513    1.091291e-04    1.453462e-15    6.517241e-05    1.882919e-03
     514    1.023399e-04    1.363033e-15    6.112522e-05    1.765584e-03
     515    9.334750e-05    1.243267e-15    5.576686e-05    1.612948e-03
     516    8.261581e-05    1.100328e-15    4.935568e-05    1.427909e-03
     517    6.990085e-05    9.309750e-16    4.176831e-05    1.214010e-03
     518    5.560635e-05    7.405766e-16    3.323711e-05    9.743913e-04
     519    3.957653e-05    5.270389e-16    2.367548e-05    7.123400e-04
     520    2.039319e-05    2.714449e-16    1.226004e-05    4.164758e-04
     601    1.909884e-05    2.542279e-16    1.149038e-05    3.865641e-04
     602    3.686878e-05    4.909897e-16    2.206908e-05    6.616791e-04
     603    5.204255e-05    6.931304e-16    3.110901e-05    9.054311e-04
     604    6.542168e-05    8.713527e-16    3.910274e-05    1.128003e-03
     605    7.743878e-05    1.031419e-15    4.626105e-05    1.326761e-03
     606    8.743479e-05    1.164557e-15    5.224116e-05    1.498459e-03
     607    9.588431e-05    1.277105e-15    5.727970e-05    1.640253e-03
     608    1.020847e-04    1.359686e-15    6.097661e-05    1.749510e-03
     609    1.065749e-04    1.419493e-15    6.364712e-05    1.823620e-03
     610    1.085519e-04    1.445822e-15    6.486210e-05    1.861046e-03
     611    1.088280e-04    1.449507e-15    6.500137e-05    1.861143e-03
     612    1.065453e-04    1.419094e-15    6.363133e-05    1.823751e-03
     613    1.019925e-04    1.358460e-15    6.092481e-05    1.749628e-03
     614    9.582173e-05    1.276272e-15    5.723181e-05    1.640542e-03
     615    8.740433e-05    1.164152e-15    5.220793e-05    1.498825e-03
     616    7.743223e-05    1.031333e-15    4.624543e-05    1.327150e-03
     617    6.553448e-05    8.728541e-16    3.916014e-05    1.128398e-03
     618    5.199678e-05    6.925212e-16    3.107402e-05    9.056838e-04
     619    3.693344e-05    4.918530e-16    2.210409e-05    6.619136e-04
     620    1.902816e-05    2.532851e-16    1.143800e-05    3.867000e-04
     701    1.753736e-05    2.334610e-16    1.054950e-05    3.506383e-04
     702    3.392874e-05    4.518673e-16    2.029649e-05    6.004682e-04
     703    4.775185e-05    6.360266e-16    2.855577e-05    8.214653e-04
     704    6.005161e-05    7.998808e-16    3.589442e-05    1.023144e-03
     705    7.103477e-05    9.461844e-16    4.245173e-05    1.203273e-03
     706    8.032124e-05    1.069880e-15    4.799300e-05    1.358940e-03
     707    8.776604e-05    1.169039e-15    5.245691e-05    1.487358e-03
     708    9.384345e-05    1.249996e-15    5.605983e-05    1.586352e-03
     709    9.795380e-05    1.304752e-15    5.851588e-05    1.653586e-03
     710    9.987519e-05    1.330344e-15    5.966589e-05    1.687489e-03
     711    9.986095e-05    1.330150e-15    5.964598e-05    1.687554e-03
     712    9.794577e-05    1.304648e-15    5.850284e-05    1.653743e-03
     713    9.401271e-05    1.252257e-15    5.613689e-05    1.586629e-03
     714    8.803723e-05    1.172659e-15    5.259933e-05    1.487814e-03
     715    8.037177e-05    1.070554e-15    4.800850e-05    1.359392e-03
     716    7.093429e-05    9.448417e-16    4.238806e-05    1.203659e-03
     717    6.008779e-05    8.003603e-16    3.592465e-05    1.023511e-03
     718    4.777924e-05    6.363909e-16    2.856022e-05    8.217421e-04
     719    3.393702e-05    4.519777e-16    2.030619e-05    6.006601e-04
     720    1.753552e-05    2.334361e-16    1.054762e-05    3.507792e-04
     801    1.625016e-05    2.164643e-16    9.665568e-06    3.119262e-04
     802    3.077739e-05    4.099498e-16    1.843452e-05    5.328145e-04
     803    4.338924e-05    5.779956e-16    2.598338e-05    7.284300e-04
     804    5.459439e-05    7.272859e-16    3.268231e-05    9.070850e-04
     805    6.450067e-05    8.592630e-16    3.859702e-05    1.066540e-03
     806    7.300059e-05    9.724977e-16    4.366874e-05    1.204362e-03
     807    8.017073e-05    1.068019e-15    4.794495e-05    1.318177e-03
     808    8.537519e-05    1.137352e-15    5.105228e-05    1.405698e-03
     809    8.902247e-05    1.185949e-15    5.326167e-05    1.464976e-03
     810    9.095367e-05    1.211666e-15    5.437631e-05    1.495041e-03
     811    9.090886e-05    1.211073e-15    5.435566e-05    1.495167e-03
     812    8.892295e-05    1.184611e-15    5.318613e-05    1.465135e-03
     813    8.540203e-05    1.137714e-15    5.108758e-05    1.405803e-03
     814    7.996471e-05    1.065277e-15    4.784386e-05    1.318495e-03
     815    7.310741e-05    9.739250e-16    4.373012e-05    1.204904e-03
     816    6.452338e-05    8.595590e-16    3.859557e-05    1.066942e-03
     817    5.457297e-05    7.269939e-16    3.266154e-05    9.074367e-04
     818    4.339714e-05    5.780946e-16    2.598115e-05    7.287032e-04
     819    3.073345e-05    4.093624e-16    1.842237e-05    5.329854e-04
     820    1.624660e-05    2.164182e-16    9.669629e-06    3.120783e-04
    1000    0.000000e+00    0.000000e+00    5.045029e-06    1.193242e-03
    1100    0.000000e+00    0.000000e+00    1.784338e-05    1.173237e-03
    1200    0.000000e+00    0.000000e+00    1.274339e-06    1.148420e-03

