
=============================================================================================================================================================================

                                                                             Core map (t=0)

=============================================================================================================================================================================
 Block average:
  Blk ID          Volume Fission neutron           Power      Absorption     Scalar flux
       2        1.815297    2.533548e-03    3.376610e-14    1.501855e-03    3.585763e-02
       3        1.815297    2.570239e-03    3.425234e-14    1.526575e-03    3.741282e-02
       4        1.815297    2.610769e-03    3.479145e-14    1.551143e-03    3.831794e-02
       5        1.815297    2.624264e-03    3.497099e-14    1.559394e-03    3.863074e-02
       6        1.815297    2.610766e-03    3.479141e-14    1.551142e-03    3.831793e-02
       7        1.815297    2.570229e-03    3.425221e-14    1.526569e-03    3.741268e-02
       8        1.815297    2.533571e-03    3.376641e-14    1.501867e-03    3.585728e-02
       9       43.604240    0.000000e+00    0.000000e+00    1.826633e-07    3.470734e-02
      10        1.815297    2.533980e-03    3.377174e-14    1.502097e-03    3.588344e-02
      11        1.815297    2.560675e-03    3.412119e-14    1.521888e-03    3.870798e-02
      12        1.815297    2.629757e-03    3.503807e-14    1.567463e-03    4.123734e-02
      13        1.815297    2.705683e-03    3.604827e-14    1.613076e-03    4.281115e-02
      14        1.815297    2.744543e-03    3.656546e-14    1.636309e-03    4.357706e-02
      15        1.815297    2.744540e-03    3.656541e-14    1.636307e-03    4.357702e-02
      16        1.815297    2.705674e-03    3.604814e-14    1.613070e-03    4.281100e-02
      17        1.815297    2.629740e-03    3.503783e-14    1.567453e-03    4.123730e-02
      18        1.815297    2.560635e-03    3.412065e-14    1.521866e-03    3.870773e-02
      19        1.815297    2.533954e-03    3.377138e-14    1.502080e-03    3.588297e-02
      20        1.815297    2.570861e-03    3.426048e-14    1.526960e-03    3.745082e-02
      21        1.815297    2.629987e-03    3.504111e-14    1.567603e-03    4.124559e-02
      22        1.815297    2.767819e-03    3.687452e-14    1.650486e-03    4.421246e-02
      23        1.815297    2.877989e-03    3.834063e-14    1.716336e-03    4.639623e-02
      24        1.815297    2.945608e-03    3.924062e-14    1.756717e-03    4.771163e-02
      25        1.815297    2.968244e-03    3.954191e-14    1.770242e-03    4.815172e-02
      26        1.815297    2.945601e-03    3.924052e-14    1.756713e-03    4.771150e-02
      27        1.815297    2.877974e-03    3.834042e-14    1.716327e-03    4.639599e-02
      28        1.815297    2.767794e-03    3.687420e-14    1.650472e-03    4.421207e-02
      29        1.815297    2.629950e-03    3.504061e-14    1.567582e-03    4.124521e-02
      30        1.815297    2.570800e-03    3.425967e-14    1.526926e-03    3.745031e-02
      31        1.815297    2.611224e-03    3.479737e-14    1.551464e-03    3.835650e-02
      32        1.815297    2.706060e-03    3.605330e-14    1.613304e-03    4.281468e-02
      33        1.815297    2.878177e-03    3.834311e-14    1.716449e-03    4.640220e-02
      34        1.815297    3.019064e-03    4.021813e-14    1.800698e-03    4.915506e-02
      35        1.815297    3.116492e-03    4.151504e-14    1.858867e-03    5.101912e-02
      36        1.815297    3.165961e-03    4.217362e-14    1.888442e-03    5.195788e-02
      37        1.815297    3.165957e-03    4.217356e-14    1.888440e-03    5.195782e-02
      38        1.815297    3.116479e-03    4.151487e-14    1.858860e-03    5.101893e-02
      39        1.815297    3.019044e-03    4.021785e-14    1.800686e-03    4.915473e-02
      40        1.815297    2.878148e-03    3.834272e-14    1.716432e-03    4.640180e-02
      41        1.815297    2.706022e-03    3.605279e-14    1.613282e-03    4.281413e-02
      42        1.815297    2.611172e-03    3.479668e-14    1.551435e-03    3.835597e-02
      43        1.815297    2.624569e-03    3.497493e-14    1.559629e-03    3.866328e-02
      44        1.815297    2.745020e-03    3.657180e-14    1.636599e-03    4.358917e-02
      45        1.815297    2.945913e-03    3.924465e-14    1.756901e-03    4.772134e-02
      46        1.815297    3.116585e-03    4.151631e-14    1.858924e-03    5.101497e-02
      47        1.815297    3.245072e-03    4.322678e-14    1.935458e-03    5.344017e-02
      48        1.815297    3.323529e-03    4.427133e-14    1.982386e-03    5.491979e-02
      49        1.815297    3.350067e-03    4.462466e-14    1.998268e-03    5.541823e-02
      50        1.815297    3.323520e-03    4.427121e-14    1.982381e-03    5.491964e-02
      51        1.815297    3.245055e-03    4.322656e-14    1.935448e-03    5.343990e-02
      52        1.815297    3.116560e-03    4.151598e-14    1.858909e-03    5.101457e-02
      53        1.815297    2.945881e-03    3.924423e-14    1.756882e-03    4.772085e-02
      54        1.815297    2.744983e-03    3.657130e-14    1.636577e-03    4.358864e-02
      55        1.815297    2.624523e-03    3.497432e-14    1.559603e-03    3.866276e-02
      56        1.815297    2.610872e-03    3.479267e-14    1.551265e-03    3.835580e-02
      57        1.815297    2.744969e-03    3.657108e-14    1.636569e-03    4.359362e-02
      58        1.815297    2.968497e-03    3.954534e-14    1.770395e-03    4.814609e-02
      59        1.815297    3.166136e-03    4.217595e-14    1.888547e-03    5.196074e-02
      60        1.815297    3.323607e-03    4.427237e-14    1.982433e-03    5.492239e-02
      61        1.815297    3.426646e-03    4.564414e-14    2.044757e-03    5.694127e-02
      62        1.815297    3.481866e-03    4.637939e-14    2.077831e-03    5.796778e-02
      63        1.815297    3.481862e-03    4.637933e-14    2.077829e-03    5.796771e-02
      64        1.815297    3.426633e-03    4.564396e-14    2.044749e-03    5.694105e-02
      65        1.815297    3.323586e-03    4.427209e-14    1.982421e-03    5.492205e-02
      66        1.815297    3.166108e-03    4.217558e-14    1.888531e-03    5.196031e-02
      67        1.815297    2.968465e-03    3.954490e-14    1.770376e-03    4.814557e-02
      68        1.815297    2.744933e-03    3.657060e-14    1.636548e-03    4.359309e-02
      69        1.815297    2.610833e-03    3.479215e-14    1.551243e-03    3.835534e-02
      70        1.815297    2.570222e-03    3.425196e-14    1.526602e-03    3.744686e-02
      71        1.815297    2.705888e-03    3.605097e-14    1.613204e-03    4.282056e-02
      72        1.815297    2.945782e-03    3.924298e-14    1.756823e-03    4.770743e-02
      73        1.815297    3.166153e-03    4.217613e-14    1.888558e-03    5.196864e-02
      74        1.815297    3.350155e-03    4.462585e-14    1.998321e-03    5.541728e-02
      75        1.815297    3.481905e-03    4.637992e-14    2.077854e-03    5.796788e-02
      76        1.815297    3.575092e-03    4.762092e-14    2.132784e-03    5.952825e-02
      77        1.815297    3.603566e-03    4.800006e-14    2.149845e-03    6.005401e-02
      78        1.815297    3.575084e-03    4.762081e-14    2.132779e-03    5.952811e-02
      79        1.815297    3.481889e-03    4.637970e-14    2.077845e-03    5.796761e-02
      80        1.815297    3.350132e-03    4.462554e-14    1.998307e-03    5.541690e-02
      81        1.815297    3.166124e-03    4.217575e-14    1.888541e-03    5.196819e-02
      82        1.815297    2.945750e-03    3.924255e-14    1.756804e-03    4.770693e-02
      83        1.815297    2.705854e-03    3.605051e-14    1.613184e-03    4.282003e-02
      84        1.815297    2.570188e-03    3.425150e-14    1.526581e-03    3.744637e-02
      85        1.815297    2.533145e-03    3.376066e-14    1.501618e-03    3.586769e-02
      86        1.815297    2.629597e-03    3.503594e-14    1.567374e-03    4.123450e-02
      87        1.815297    2.878018e-03    3.834102e-14    1.716356e-03    4.639600e-02
      88        1.815297    3.116543e-03    4.151576e-14    1.858900e-03    5.101390e-02
      89        1.815297    3.323596e-03    4.427223e-14    1.982427e-03    5.491966e-02
      90        1.815297    3.481877e-03    4.637960e-14    2.077838e-03    5.795929e-02
      91        1.815297    3.603598e-03    4.800047e-14    2.149865e-03    6.005706e-02
      92        1.815297    3.653222e-03    4.866119e-14    2.179914e-03    6.110555e-02
      93        1.815297    3.653218e-03    4.866113e-14    2.179911e-03    6.110548e-02
      94        1.815297    3.603586e-03    4.800031e-14    2.149858e-03    6.005686e-02
      95        1.815297    3.481858e-03    4.637934e-14    2.077826e-03    5.795897e-02
      96        1.815297    3.323571e-03    4.427190e-14    1.982413e-03    5.491925e-02
      97        1.815297    3.116515e-03    4.151538e-14    1.858883e-03    5.101344e-02
      98        1.815297    2.877987e-03    3.834061e-14    1.716338e-03    4.639550e-02
      99        1.815297    2.629566e-03    3.503553e-14    1.567356e-03    4.123403e-02
     100        1.815297    2.533115e-03    3.376026e-14    1.501600e-03    3.586715e-02
     102        1.815297    2.559948e-03    3.411152e-14    1.521472e-03    3.869709e-02
     103        1.815297    2.767703e-03    3.687290e-14    1.650422e-03    4.422577e-02
     104        1.815297    3.019013e-03    4.021747e-14    1.800669e-03    4.914996e-02
     105        1.815297    3.245143e-03    4.322767e-14    1.935503e-03    5.345302e-02
     106        1.815297    3.426687e-03    4.564467e-14    2.044782e-03    5.694487e-02
     107        1.815297    3.575137e-03    4.762147e-14    2.132811e-03    5.953508e-02
     108        1.815297    3.653249e-03    4.866152e-14    2.179931e-03    6.111074e-02
     109        1.815297    3.681346e-03    4.903566e-14    2.196834e-03    6.163537e-02
     110        1.815297    3.653242e-03    4.866142e-14    2.179926e-03    6.111061e-02
     111        1.815297    3.575122e-03    4.762128e-14    2.132802e-03    5.953483e-02
     112        1.815297    3.426667e-03    4.564440e-14    2.044770e-03    5.694454e-02
     113        1.815297    3.245118e-03    4.322733e-14    1.935488e-03    5.345261e-02
     114        1.815297    3.018985e-03    4.021711e-14    1.800653e-03    4.914953e-02
     115        1.815297    2.767675e-03    3.687253e-14    1.650406e-03    4.422529e-02
     116        1.815297    2.559920e-03    3.411114e-14    1.521455e-03    3.869671e-02
     118        1.815297    2.533143e-03    3.376064e-14    1.501616e-03    3.586755e-02
     119        1.815297    2.629595e-03    3.503593e-14    1.567373e-03    4.123448e-02
     120        1.815297    2.878016e-03    3.834100e-14    1.716355e-03    4.639599e-02
     121        1.815297    3.116542e-03    4.151575e-14    1.858899e-03    5.101390e-02
     122        1.815297    3.323596e-03    4.427223e-14    1.982427e-03    5.491966e-02
     123        1.815297    3.481877e-03    4.637960e-14    2.077838e-03    5.795929e-02
     124        1.815297    3.603599e-03    4.800048e-14    2.149865e-03    6.005708e-02
     125        1.815297    3.653223e-03    4.866121e-14    2.179915e-03    6.110557e-02
     126        1.815297    3.653220e-03    4.866116e-14    2.179913e-03    6.110551e-02
     127        1.815297    3.603589e-03    4.800034e-14    2.149859e-03    6.005690e-02
     128        1.815297    3.481861e-03    4.637938e-14    2.077828e-03    5.795902e-02
     129        1.815297    3.323575e-03    4.427195e-14    1.982415e-03    5.491931e-02
     130        1.815297    3.116518e-03    4.151543e-14    1.858885e-03    5.101349e-02
     131        1.815297    2.877992e-03    3.834068e-14    1.716341e-03    4.639559e-02
     132        1.815297    2.629573e-03    3.503563e-14    1.567360e-03    4.123414e-02
     133        1.815297    2.533127e-03    3.376042e-14    1.501607e-03    3.586738e-02
     134        1.815297    2.570223e-03    3.425198e-14    1.526602e-03    3.744685e-02
     135        1.815297    2.705884e-03    3.605092e-14    1.613202e-03    4.282053e-02
     136        1.815297    2.945779e-03    3.924294e-14    1.756822e-03    4.770741e-02
     137        1.815297    3.166151e-03    4.217611e-14    1.888557e-03    5.196863e-02
     138        1.815297    3.350155e-03    4.462585e-14    1.998320e-03    5.541728e-02
     139        1.815297    3.481906e-03    4.637993e-14    2.077855e-03    5.796790e-02
     140        1.815297    3.575094e-03    4.762095e-14    2.132785e-03    5.952829e-02
     141        1.815297    3.603570e-03    4.800010e-14    2.149847e-03    6.005407e-02
     142        1.815297    3.575088e-03    4.762087e-14    2.132782e-03    5.952818e-02
     143        1.815297    3.481894e-03    4.637976e-14    2.077848e-03    5.796770e-02
     144        1.815297    3.350138e-03    4.462562e-14    1.998310e-03    5.541700e-02
     145        1.815297    3.166131e-03    4.217583e-14    1.888545e-03    5.196829e-02
     146        1.815297    2.945758e-03    3.924265e-14    1.756809e-03    4.770707e-02
     147        1.815297    2.705865e-03    3.605066e-14    1.613191e-03    4.282018e-02
     148        1.815297    2.570211e-03    3.425181e-14    1.526595e-03    3.744656e-02
     149        1.815297    2.610863e-03    3.479255e-14    1.551260e-03    3.835572e-02
     150        1.815297    2.744963e-03    3.657101e-14    1.636566e-03    4.359360e-02
     151        1.815297    2.968494e-03    3.954529e-14    1.770393e-03    4.814605e-02
     152        1.815297    3.166134e-03    4.217593e-14    1.888547e-03    5.196074e-02
     153        1.815297    3.323607e-03    4.427237e-14    1.982433e-03    5.492241e-02
     154        1.815297    3.426648e-03    4.564416e-14    2.044758e-03    5.694131e-02
     155        1.815297    3.481870e-03    4.637944e-14    2.077834e-03    5.796786e-02
     156        1.815297    3.481867e-03    4.637941e-14    2.077832e-03    5.796781e-02
     157        1.815297    3.426640e-03    4.564405e-14    2.044753e-03    5.694118e-02
     158        1.815297    3.323594e-03    4.427219e-14    1.982426e-03    5.492218e-02
     159        1.815297    3.166117e-03    4.217570e-14    1.888536e-03    5.196046e-02
     160        1.815297    2.968474e-03    3.954503e-14    1.770381e-03    4.814572e-02
     161        1.815297    2.744944e-03    3.657075e-14    1.636554e-03    4.359325e-02
     162        1.815297    2.610857e-03    3.479246e-14    1.551256e-03    3.835550e-02
     163        1.815297    2.624559e-03    3.497480e-14    1.559624e-03    3.866316e-02
     164        1.815297    2.745015e-03    3.657172e-14    1.636596e-03    4.358917e-02
     165        1.815297    2.945910e-03    3.924460e-14    1.756899e-03    4.772131e-02
     166        1.815297    3.116584e-03    4.151630e-14    1.858923e-03    5.101496e-02
     167        1.815297    3.245074e-03    4.322681e-14    1.935459e-03    5.344021e-02
     168        1.815297    3.323533e-03    4.427138e-14    1.982389e-03    5.491986e-02
     169        1.815297    3.350073e-03    4.462475e-14    1.998271e-03    5.541834e-02
     170        1.815297    3.323528e-03    4.427131e-14    1.982386e-03    5.491978e-02
     171        1.815297    3.245064e-03    4.322668e-14    1.935454e-03    5.344005e-02
     172        1.815297    3.116570e-03    4.151612e-14    1.858915e-03    5.101475e-02
     173        1.815297    2.945893e-03    3.924438e-14    1.756889e-03    4.772104e-02
     174        1.815297    2.744995e-03    3.657146e-14    1.636584e-03    4.358881e-02
     175        1.815297    2.624541e-03    3.497456e-14    1.559613e-03    3.866297e-02
     176        1.815297    2.611213e-03    3.479723e-14    1.551458e-03    3.835636e-02
     177        1.815297    2.706052e-03    3.605320e-14    1.613300e-03    4.281463e-02
     178        1.815297    2.878174e-03    3.834307e-14    1.716448e-03    4.640222e-02
     179        1.815297    3.019065e-03    4.021814e-14    1.800699e-03    4.915508e-02
     180        1.815297    3.116496e-03    4.151509e-14    1.858870e-03    5.101920e-02
     181        1.815297    3.165968e-03    4.217371e-14    1.888446e-03    5.195800e-02
     182        1.815297    3.165965e-03    4.217368e-14    1.888445e-03    5.195796e-02
     183        1.815297    3.116489e-03    4.151501e-14    1.858866e-03    5.101910e-02
     184        1.815297    3.019055e-03    4.021801e-14    1.800693e-03    4.915491e-02
     185        1.815297    2.878161e-03    3.834289e-14    1.716440e-03    4.640199e-02
     186        1.815297    2.706035e-03    3.605296e-14    1.613289e-03    4.281435e-02
     187        1.815297    2.611183e-03    3.479683e-14    1.551441e-03    3.835616e-02
     188        1.815297    2.570834e-03    3.426012e-14    1.526945e-03    3.745065e-02
     189        1.815297    2.629977e-03    3.504097e-14    1.567597e-03    4.124567e-02
     190        1.815297    2.767816e-03    3.687449e-14    1.650485e-03    4.421239e-02
     191        1.815297    2.877993e-03    3.834068e-14    1.716338e-03    4.639631e-02
     192        1.815297    2.945616e-03    3.924071e-14    1.756721e-03    4.771174e-02
     193        1.815297    2.968254e-03    3.954203e-14    1.770248e-03    4.815187e-02
     194        1.815297    2.945612e-03    3.924066e-14    1.756719e-03    4.771167e-02
     195        1.815297    2.877986e-03    3.834059e-14    1.716334e-03    4.639620e-02
     196        1.815297    2.767808e-03    3.687438e-14    1.650480e-03    4.421227e-02
     197        1.815297    2.629965e-03    3.504081e-14    1.567590e-03    4.124545e-02
     198        1.815297    2.570811e-03    3.425981e-14    1.526932e-03    3.745044e-02
     199        1.815297    2.533982e-03    3.377176e-14    1.502096e-03    3.588320e-02
     200        1.815297    2.560652e-03    3.412088e-14    1.521876e-03    3.870804e-02
     201        1.815297    2.629759e-03    3.503809e-14    1.567464e-03    4.123766e-02
     202        1.815297    2.705691e-03    3.604836e-14    1.613080e-03    4.281124e-02
     203        1.815297    2.744554e-03    3.656560e-14    1.636316e-03    4.357725e-02
     204        1.815297    2.744553e-03    3.656559e-14    1.636315e-03    4.357721e-02
     205        1.815297    2.705687e-03    3.604831e-14    1.613078e-03    4.281116e-02
     206        1.815297    2.629752e-03    3.503799e-14    1.567460e-03    4.123745e-02
     207        1.815297    2.560658e-03    3.412096e-14    1.521879e-03    3.870781e-02
     208        1.815297    2.533975e-03    3.377166e-14    1.502092e-03    3.588311e-02
     210        1.815297    2.533580e-03    3.376653e-14    1.501872e-03    3.585749e-02
     211        1.815297    2.570247e-03    3.425246e-14    1.526580e-03    3.741296e-02
     212        1.815297    2.610792e-03    3.479175e-14    1.551156e-03    3.831815e-02
     213        1.815297    2.624291e-03    3.497133e-14    1.559409e-03    3.863088e-02
     214        1.815297    2.610785e-03    3.479166e-14    1.551152e-03    3.831799e-02
     215        1.815297    2.570249e-03    3.425248e-14    1.526580e-03    3.741283e-02
     216        1.815297    2.533576e-03    3.376647e-14    1.501870e-03    3.585749e-02
   21700      614.507005    0.000000e+00    0.000000e+00    1.641320e-05    1.824303e-02
   21800        9.606182    0.000000e+00    0.000000e+00    5.350505e-04    3.369480e-02
   21900        6.892924    0.000000e+00    0.000000e+00    1.528986e-04    3.454008e-02

 Block max:
  Blk ID Fission neutron           Power      Absorption     Scalar flux
       2    2.623613e-03    3.497268e-14    1.542583e-03    3.821180e-02
       3    2.663535e-03    3.550253e-14    1.567792e-03    4.000349e-02
       4    2.688016e-03    3.582797e-14    1.583048e-03    4.100535e-02
       5    2.695908e-03    3.593292e-14    1.587934e-03    4.130611e-02
       6    2.688291e-03    3.583165e-14    1.583186e-03    4.100829e-02
       7    2.663860e-03    3.550688e-14    1.567957e-03    4.000668e-02
       8    2.621918e-03    3.495003e-14    1.541731e-03    3.819396e-02
       9    0.000000e+00    0.000000e+00    1.877664e-07    3.595844e-02
      10    2.625924e-03    3.500372e-14    1.543702e-03    3.823104e-02
      11    2.620845e-03    3.491926e-14    1.562243e-03    4.111531e-02
      12    2.736734e-03    3.646090e-14    1.632115e-03    4.358973e-02
      13    2.817922e-03    3.754131e-14    1.680644e-03    4.520187e-02
      14    2.856824e-03    3.805909e-14    1.703883e-03    4.595920e-02
      15    2.856877e-03    3.805979e-14    1.703914e-03    4.596022e-02
      16    2.817833e-03    3.754012e-14    1.680591e-03    4.520011e-02
      17    2.736511e-03    3.645794e-14    1.631982e-03    4.358530e-02
      18    2.620953e-03    3.492070e-14    1.562309e-03    4.111756e-02
      19    2.622289e-03    3.495514e-14    1.542238e-03    3.821429e-02
      20    2.664320e-03    3.551290e-14    1.568306e-03    4.001451e-02
      21    2.736976e-03    3.646405e-14    1.632263e-03    4.360804e-02
      22    2.875946e-03    3.831326e-14    1.715114e-03    4.638473e-02
      23    2.988606e-03    3.981280e-14    1.782336e-03    4.855538e-02
      24    3.055703e-03    4.070597e-14    1.822414e-03    4.984095e-02
      25    3.075625e-03    4.097119e-14    1.834322e-03    5.021796e-02
      26    3.055659e-03    4.070539e-14    1.822388e-03    4.984007e-02
      27    2.988407e-03    3.981016e-14    1.782217e-03    4.855158e-02
      28    2.876089e-03    3.831516e-14    1.715199e-03    4.638766e-02
      29    2.736722e-03    3.646066e-14    1.632111e-03    4.360300e-02
      30    2.664219e-03    3.551154e-14    1.568251e-03    4.000630e-02
      31    2.686754e-03    3.581100e-14    1.582531e-03    4.102592e-02
      32    2.818063e-03    3.754319e-14    1.680730e-03    4.520298e-02
      33    2.988725e-03    3.981441e-14    1.782408e-03    4.855448e-02
      34    3.118949e-03    4.154766e-14    1.860273e-03    5.107211e-02
      35    3.216057e-03    4.284047e-14    1.918271e-03    5.290706e-02
      36    3.263100e-03    4.346676e-14    1.946411e-03    5.379673e-02
      37    3.263113e-03    4.346694e-14    1.946419e-03    5.379694e-02
      38    3.215903e-03    4.283842e-14    1.918180e-03    5.290418e-02
      39    3.119019e-03    4.154864e-14    1.860313e-03    5.107160e-02
      40    2.988468e-03    3.981099e-14    1.782255e-03    4.854959e-02
      41    2.817886e-03    3.754083e-14    1.680624e-03    4.519928e-02
      42    2.686723e-03    3.581059e-14    1.582513e-03    4.101663e-02
      43    2.693959e-03    3.590674e-14    1.587039e-03    4.131682e-02
      44    2.857031e-03    3.806196e-14    1.704008e-03    4.594346e-02
      45    3.055863e-03    4.070802e-14    1.822512e-03    4.985858e-02
      46    3.215950e-03    4.283904e-14    1.918208e-03    5.290530e-02
      47    3.330125e-03    4.435914e-14    1.986332e-03    5.504807e-02
      48    3.406290e-03    4.537321e-14    2.031948e-03    5.648128e-02
      49    3.429043e-03    4.567619e-14    2.045569e-03    5.690152e-02
      50    3.406195e-03    4.537195e-14    2.031892e-03    5.647949e-02
      51    3.330211e-03    4.436031e-14    1.986384e-03    5.504760e-02
      52    3.215899e-03    4.283836e-14    1.918178e-03    5.290437e-02
      53    3.055658e-03    4.070528e-14    1.822390e-03    4.985485e-02
      54    2.856694e-03    3.805748e-14    1.703807e-03    4.593710e-02
      55    2.693945e-03    3.590655e-14    1.587028e-03    4.130802e-02
      56    2.685961e-03    3.580036e-14    1.582101e-03    4.101557e-02
      57    2.857176e-03    3.806383e-14    1.704096e-03    4.595854e-02
      58    3.075911e-03    4.097489e-14    1.834496e-03    5.024516e-02
      59    3.263104e-03    4.346687e-14    1.946415e-03    5.378879e-02
      60    3.406215e-03    4.537220e-14    2.031903e-03    5.648258e-02
      61    3.493835e-03    4.653878e-14    2.084997e-03    5.818687e-02
      62    3.545928e-03    4.723241e-14    2.116174e-03    5.914259e-02
      63    3.545925e-03    4.723238e-14    2.116173e-03    5.914250e-02
      64    3.493949e-03    4.654030e-14    2.085065e-03    5.818864e-02
      65    3.406138e-03    4.537118e-14    2.031858e-03    5.648115e-02
      66    3.262864e-03    4.346367e-14    1.946271e-03    5.378445e-02
      67    3.075651e-03    4.097143e-14    1.834341e-03    5.024021e-02
      68    2.856831e-03    3.805923e-14    1.703890e-03    4.595187e-02
      69    2.685953e-03    3.580024e-14    1.582094e-03    4.100646e-02
      70    2.662586e-03    3.548976e-14    1.567357e-03    4.000973e-02
      71    2.818092e-03    3.754356e-14    1.680749e-03    4.520569e-02
      72    3.055932e-03    4.070897e-14    1.822553e-03    4.985425e-02
      73    3.263268e-03    4.346897e-14    1.946512e-03    5.380499e-02
      74    3.429043e-03    4.567624e-14    2.045569e-03    5.689542e-02
      75    3.545866e-03    4.723161e-14    2.116138e-03    5.913988e-02
      76    3.619982e-03    4.821864e-14    2.159732e-03    6.036483e-02
      77    3.643399e-03    4.853042e-14    2.173814e-03    6.080899e-02
      78    3.620038e-03    4.821939e-14    2.159766e-03    6.036608e-02
      79    3.545760e-03    4.723019e-14    2.116074e-03    5.913804e-02
      80    3.428866e-03    4.567388e-14    2.045463e-03    5.689210e-02
      81    3.262967e-03    4.346496e-14    1.946333e-03    5.379950e-02
      82    3.055540e-03    4.070375e-14    1.822320e-03    4.984683e-02
      83    2.817848e-03    3.754033e-14    1.680604e-03    4.520099e-02
      84    2.662584e-03    3.548974e-14    1.567353e-03    4.000077e-02
      85    2.621801e-03    3.494851e-14    1.541567e-03    3.817632e-02
      86    2.736606e-03    3.645918e-14    1.632043e-03    4.359082e-02
      87    2.988567e-03    3.981235e-14    1.782315e-03    4.854613e-02
      88    3.216057e-03    4.284051e-14    1.918272e-03    5.290007e-02
      89    3.406283e-03    4.537318e-14    2.031945e-03    5.647114e-02
      90    3.545957e-03    4.723281e-14    2.116192e-03    5.914159e-02
      91    3.643397e-03    4.853037e-14    2.173814e-03    6.081440e-02
      92    3.674680e-03    4.894689e-14    2.192840e-03    6.151588e-02
      93    3.674659e-03    4.894663e-14    2.192827e-03    6.151543e-02
      94    3.643338e-03    4.852958e-14    2.173778e-03    6.081249e-02
      95    3.545834e-03    4.723117e-14    2.116118e-03    5.913939e-02
      96    3.406119e-03    4.537100e-14    2.031846e-03    5.646813e-02
      97    3.215850e-03    4.283776e-14    1.918149e-03    5.289628e-02
      98    2.988334e-03    3.980925e-14    1.782176e-03    4.854167e-02
      99    2.736052e-03    3.645181e-14    1.631711e-03    4.357964e-02
     100    2.621785e-03    3.494828e-14    1.541557e-03    3.816741e-02
     102    2.620698e-03    3.491727e-14    1.562159e-03    4.111836e-02
     103    2.876053e-03    3.831471e-14    1.715181e-03    4.638457e-02
     104    3.119134e-03    4.155013e-14    1.860384e-03    5.107655e-02
     105    3.330369e-03    4.436229e-14    1.986480e-03    5.506825e-02
     106    3.493990e-03    4.654084e-14    2.085089e-03    5.818895e-02
     107    3.620105e-03    4.822020e-14    2.159807e-03    6.037933e-02
     108    3.674672e-03    4.894679e-14    2.192835e-03    6.151582e-02
     109    3.684450e-03    4.907701e-14    2.198694e-03    6.169042e-02
     110    3.674647e-03    4.894645e-14    2.192820e-03    6.151539e-02
     111    3.620046e-03    4.821941e-14    2.159772e-03    6.037826e-02
     112    3.493880e-03    4.653937e-14    2.085024e-03    5.818704e-02
     113    3.330222e-03    4.436034e-14    1.986392e-03    5.506566e-02
     114    3.118954e-03    4.154773e-14    1.860277e-03    5.107330e-02
     115    2.875852e-03    3.831202e-14    1.715060e-03    4.638080e-02
     116    2.620515e-03    3.491483e-14    1.562045e-03    4.111349e-02
     118    2.621393e-03    3.494305e-14    1.541481e-03    3.817503e-02
     119    2.736434e-03    3.645689e-14    1.631940e-03    4.358745e-02
     120    2.988382e-03    3.980989e-14    1.782205e-03    4.854247e-02
     121    3.215871e-03    4.283803e-14    1.918161e-03    5.289658e-02
     122    3.406108e-03    4.537086e-14    2.031840e-03    5.646780e-02
     123    3.545782e-03    4.723049e-14    2.116088e-03    5.913844e-02
     124    3.643357e-03    4.852982e-14    2.173788e-03    6.081371e-02
     125    3.674581e-03    4.894557e-14    2.192780e-03    6.151408e-02
     126    3.674633e-03    4.894627e-14    2.192811e-03    6.151503e-02
     127    3.643293e-03    4.852898e-14    2.173750e-03    6.081254e-02
     128    3.545725e-03    4.722972e-14    2.116054e-03    5.913746e-02
     129    3.406025e-03    4.536974e-14    2.031790e-03    5.646629e-02
     130    3.215761e-03    4.283656e-14    1.918096e-03    5.289460e-02
     131    2.988256e-03    3.980821e-14    1.782130e-03    4.854013e-02
     132    2.736302e-03    3.645513e-14    1.631861e-03    4.358498e-02
     133    2.621351e-03    3.494249e-14    1.541468e-03    3.817449e-02
     134    2.662456e-03    3.548803e-14    1.567306e-03    4.000396e-02
     135    2.817780e-03    3.753942e-14    1.680563e-03    4.519932e-02
     136    3.055608e-03    4.070467e-14    1.822361e-03    4.984786e-02
     137    3.262940e-03    4.346460e-14    1.946316e-03    5.379887e-02
     138    3.428876e-03    4.567402e-14    2.045468e-03    5.688947e-02
     139    3.545744e-03    4.722998e-14    2.116065e-03    5.913771e-02
     140    3.619873e-03    4.821720e-14    2.159666e-03    6.036271e-02
     141    3.643249e-03    4.852843e-14    2.173723e-03    6.080608e-02
     142    3.619980e-03    4.821862e-14    2.159730e-03    6.036483e-02
     143    3.545679e-03    4.722912e-14    2.116026e-03    5.913657e-02
     144    3.428742e-03    4.567224e-14    2.045388e-03    5.688851e-02
     145    3.262858e-03    4.346351e-14    1.946268e-03    5.379737e-02
     146    3.055507e-03    4.070331e-14    1.822300e-03    4.984603e-02
     147    2.817666e-03    3.753790e-14    1.680494e-03    4.519711e-02
     148    2.662422e-03    3.548757e-14    1.567287e-03    4.000194e-02
     149    2.685805e-03    3.579826e-14    1.582034e-03    4.100566e-02
     150    2.856738e-03    3.805800e-14    1.703834e-03    4.594978e-02
     151    3.075657e-03    4.097153e-14    1.834344e-03    5.023637e-02
     152    3.262939e-03    4.346466e-14    1.946316e-03    5.378562e-02
     153    3.406022e-03    4.536963e-14    2.031787e-03    5.647892e-02
     154    3.493643e-03    4.653622e-14    2.084882e-03    5.818269e-02
     155    3.545633e-03    4.722848e-14    2.115998e-03    5.913734e-02
     156    3.545729e-03    4.722976e-14    2.116055e-03    5.913904e-02
     157    3.493821e-03    4.653859e-14    2.084988e-03    5.818480e-02
     158    3.405966e-03    4.536889e-14    2.031754e-03    5.647791e-02
     159    3.262816e-03    4.346303e-14    1.946243e-03    5.378343e-02
     160    3.075477e-03    4.096914e-14    1.834237e-03    5.023516e-02
     161    2.856650e-03    3.805683e-14    1.703782e-03    4.594812e-02
     162    2.685775e-03    3.579786e-14    1.582018e-03    4.100394e-02
     163    2.693809e-03    3.590473e-14    1.586971e-03    4.131099e-02
     164    2.856844e-03    3.805947e-14    1.703896e-03    4.593979e-02
     165    3.055641e-03    4.070507e-14    1.822379e-03    4.985437e-02
     166    3.215689e-03    4.283558e-14    1.918053e-03    5.290036e-02
     167    3.329877e-03    4.435584e-14    1.986183e-03    5.504337e-02
     168    3.405886e-03    4.536783e-14    2.031706e-03    5.647365e-02
     169    3.428711e-03    4.567177e-14    2.045369e-03    5.689530e-02
     170    3.406034e-03    4.536980e-14    2.031795e-03    5.647642e-02
     171    3.330100e-03    4.435880e-14    1.986317e-03    5.504757e-02
     172    3.215635e-03    4.283485e-14    1.918020e-03    5.289941e-02
     173    3.055528e-03    4.070356e-14    1.822312e-03    4.985224e-02
     174    2.856681e-03    3.805730e-14    1.703799e-03    4.593673e-02
     175    2.693782e-03    3.590437e-14    1.586957e-03    4.130762e-02
     176    2.686663e-03    3.580978e-14    1.582477e-03    4.101846e-02
     177    2.817798e-03    3.753966e-14    1.680571e-03    4.519763e-02
     178    2.988187e-03    3.980725e-14    1.782087e-03    4.854402e-02
     179    3.118645e-03    4.154362e-14    1.860092e-03    5.106635e-02
     180    3.215537e-03    4.283355e-14    1.917962e-03    5.289738e-02
     181    3.262655e-03    4.346085e-14    1.946146e-03    5.378842e-02
     182    3.262782e-03    4.346253e-14    1.946222e-03    5.379079e-02
     183    3.215737e-03    4.283621e-14    1.918081e-03    5.290110e-02
     184    3.118915e-03    4.154721e-14    1.860252e-03    5.107146e-02
     185    2.988143e-03    3.980666e-14    1.782061e-03    4.854318e-02
     186    2.817692e-03    3.753825e-14    1.680508e-03    4.519565e-02
     187    2.686582e-03    3.580871e-14    1.582435e-03    4.101603e-02
     188    2.664094e-03    3.550988e-14    1.568178e-03    4.000391e-02
     189    2.736394e-03    3.645630e-14    1.631914e-03    4.359605e-02
     190    2.875602e-03    3.830874e-14    1.714910e-03    4.637714e-02
     191    2.988014e-03    3.980493e-14    1.781983e-03    4.854394e-02
     192    3.055175e-03    4.069893e-14    1.822099e-03    4.983066e-02
     193    3.075157e-03    4.096497e-14    1.834043e-03    5.020901e-02
     194    3.055344e-03    4.070119e-14    1.822200e-03    4.983398e-02
     195    2.988250e-03    3.980806e-14    1.782123e-03    4.854846e-02
     196    2.875898e-03    3.831268e-14    1.715086e-03    4.637751e-02
     197    2.736357e-03    3.645580e-14    1.631892e-03    4.359557e-02
     198    2.664082e-03    3.550972e-14    1.568173e-03    4.000239e-02
     199    2.622291e-03    3.495517e-14    1.542303e-03    3.820719e-02
     200    2.620505e-03    3.491478e-14    1.562026e-03    4.110584e-02
     201    2.736116e-03    3.645268e-14    1.631745e-03    4.357726e-02
     202    2.817337e-03    3.753351e-14    1.680293e-03    4.518989e-02
     203    2.856294e-03    3.805204e-14    1.703566e-03    4.594819e-02
     204    2.856435e-03    3.805391e-14    1.703650e-03    4.595108e-02
     205    2.817537e-03    3.753618e-14    1.680413e-03    4.519383e-02
     206    2.736372e-03    3.645609e-14    1.631899e-03    4.358258e-02
     207    2.620770e-03    3.491831e-14    1.562184e-03    4.110769e-02
     208    2.622331e-03    3.495570e-14    1.542310e-03    3.820732e-02
     210    2.621867e-03    3.494934e-14    1.541703e-03    3.818248e-02
     211    2.663991e-03    3.550861e-14    1.568035e-03    3.999437e-02
     212    2.688366e-03    3.583265e-14    1.583232e-03    4.099537e-02
     213    2.695995e-03    3.593408e-14    1.587985e-03    4.129586e-02
     214    2.688183e-03    3.583021e-14    1.583124e-03    4.099907e-02
     215    2.663699e-03    3.550472e-14    1.567866e-03    3.999955e-02
     216    2.622314e-03    3.495533e-14    1.541925e-03    3.818905e-02
   21700    0.000000e+00    0.000000e+00    3.571532e-05    3.346144e-02
   21800    0.000000e+00    0.000000e+00    5.489734e-04    3.409816e-02
   21900    0.000000e+00    0.000000e+00    1.533161e-04    3.480943e-02

