
=============================================================================================================================================================================

                                                                             Core map (t=0)

=============================================================================================================================================================================
 Block average:
  Blk ID          Volume Fission neutron           Power      Absorption     Scalar flux
       2        1.815297    2.533333e-03    3.376337e-14    1.503117e-03    3.586849e-02
       3        1.815297    2.569791e-03    3.424636e-14    1.526271e-03    3.742065e-02
       4        1.815297    2.607548e-03    3.474839e-14    1.548751e-03    3.832226e-02
       5        1.815297    2.618985e-03    3.490053e-14    1.556188e-03    3.863329e-02
       6        1.815297    2.605961e-03    3.472729e-14    1.548708e-03    3.831211e-02
       7        1.815297    2.563024e-03    3.415613e-14    1.523210e-03    3.740348e-02
       8        1.815297    2.530121e-03    3.372055e-14    1.500984e-03    3.585023e-02
       9       43.604240    0.000000e+00    0.000000e+00    1.827869e-07    3.470783e-02
      10        1.815297    2.535052e-03    3.378612e-14    1.504025e-03    3.589893e-02
      11        1.815297    2.562018e-03    3.413924e-14    1.524721e-03    3.872286e-02
      12        1.815297    2.631763e-03    3.506481e-14    1.569267e-03    4.124889e-02
      13        1.815297    2.702728e-03    3.600874e-14    1.611524e-03    4.281306e-02
      14        1.815297    2.743704e-03    3.655428e-14    1.636046e-03    4.357876e-02
      15        1.815297    2.747794e-03    3.660864e-14    1.638023e-03    4.357690e-02
      16        1.815297    2.704964e-03    3.603872e-14    1.612981e-03    4.280757e-02
      17        1.815297    2.628045e-03    3.501528e-14    1.566331e-03    4.123489e-02
      18        1.815297    2.560065e-03    3.411327e-14    1.523619e-03    3.870087e-02
      19        1.815297    2.530461e-03    3.372493e-14    1.501970e-03    3.587428e-02
      20        1.815297    2.571900e-03    3.427446e-14    1.527247e-03    3.746534e-02
      21        1.815297    2.631873e-03    3.506637e-14    1.568784e-03    4.126073e-02
      22        1.815297    2.770354e-03    3.690828e-14    1.651795e-03    4.422987e-02
      23        1.815297    2.880726e-03    3.837708e-14    1.717797e-03    4.640765e-02
      24        1.815297    2.947450e-03    3.926518e-14    1.757487e-03    4.771702e-02
      25        1.815297    2.968237e-03    3.954171e-14    1.769626e-03    4.815764e-02
      26        1.815297    2.942790e-03    3.920286e-14    1.755352e-03    4.771301e-02
      27        1.815297    2.878499e-03    3.834737e-14    1.716670e-03    4.639595e-02
      28        1.815297    2.768613e-03    3.688495e-14    1.650559e-03    4.421100e-02
      29        1.815297    2.627026e-03    3.500177e-14    1.565897e-03    4.124059e-02
      30        1.815297    2.567219e-03    3.421183e-14    1.524483e-03    3.744602e-02
      31        1.815297    2.607273e-03    3.474450e-14    1.548946e-03    3.836827e-02
      32        1.815297    2.706286e-03    3.605632e-14    1.613705e-03    4.282628e-02
      33        1.815297    2.877782e-03    3.833777e-14    1.716025e-03    4.641742e-02
      34        1.815297    3.021344e-03    4.024844e-14    1.801350e-03    4.917239e-02
      35        1.815297    3.122453e-03    4.159450e-14    1.861975e-03    5.103649e-02
      36        1.815297    3.160227e-03    4.209710e-14    1.885460e-03    5.196619e-02
      37        1.815297    3.166815e-03    4.218508e-14    1.888544e-03    5.196568e-02
      38        1.815297    3.120451e-03    4.156782e-14    1.860968e-03    5.102385e-02
      39        1.815297    3.019657e-03    4.022602e-14    1.800823e-03    4.915616e-02
      40        1.815297    2.877080e-03    3.832836e-14    1.715863e-03    4.640155e-02
      41        1.815297    2.704782e-03    3.603637e-14    1.612571e-03    4.281008e-02
      42        1.815297    2.610791e-03    3.479150e-14    1.550434e-03    3.834953e-02
      43        1.815297    2.624959e-03    3.498000e-14    1.558744e-03    3.867712e-02
      44        1.815297    2.746211e-03    3.658763e-14    1.636666e-03    4.360179e-02
      45        1.815297    2.948251e-03    3.927572e-14    1.758036e-03    4.773781e-02
      46        1.815297    3.120198e-03    4.156449e-14    1.860530e-03    5.103444e-02
      47        1.815297    3.246233e-03    4.324230e-14    1.935512e-03    5.345953e-02
      48        1.815297    3.324107e-03    4.427908e-14    1.983020e-03    5.493456e-02
      49        1.815297    3.347335e-03    4.458814e-14    1.996644e-03    5.542778e-02
      50        1.815297    3.325588e-03    4.429874e-14    1.982984e-03    5.493066e-02
      51        1.815297    3.243862e-03    4.321064e-14    1.934824e-03    5.344718e-02
      52        1.815297    3.118314e-03    4.153937e-14    1.859583e-03    5.102204e-02
      53        1.815297    2.947716e-03    3.926863e-14    1.757723e-03    4.772541e-02
      54        1.815297    2.749880e-03    3.663656e-14    1.639236e-03    4.358489e-02
      55        1.815297    2.620033e-03    3.491439e-14    1.556385e-03    3.865541e-02
      56        1.815297    2.608402e-03    3.475961e-14    1.550101e-03    3.836315e-02
      57        1.815297    2.745120e-03    3.657310e-14    1.636618e-03    4.360468e-02
      58        1.815297    2.967512e-03    3.953209e-14    1.769131e-03    4.816147e-02
      59        1.815297    3.165956e-03    4.217336e-14    1.888546e-03    5.198113e-02
      60        1.815297    3.321852e-03    4.424897e-14    1.981381e-03    5.494027e-02
      61        1.815297    3.432925e-03    4.572780e-14    2.047099e-03    5.696263e-02
      62        1.815297    3.487406e-03    4.645310e-14    2.080447e-03    5.798744e-02
      63        1.815297    3.486588e-03    4.644213e-14    2.080044e-03    5.798777e-02
      64        1.815297    3.435445e-03    4.576141e-14    2.048670e-03    5.695797e-02
      65        1.815297    3.324085e-03    4.427875e-14    1.982502e-03    5.493350e-02
      66        1.815297    3.170531e-03    4.223458e-14    1.891025e-03    5.197163e-02
      67        1.815297    2.972159e-03    3.959412e-14    1.772140e-03    4.814712e-02
      68        1.815297    2.743732e-03    3.655455e-14    1.636257e-03    4.358735e-02
      69        1.815297    2.608440e-03    3.476020e-14    1.549472e-03    3.835123e-02
      70        1.815297    2.570086e-03    3.425005e-14    1.526486e-03    3.745300e-02
      71        1.815297    2.706400e-03    3.605774e-14    1.613372e-03    4.283019e-02
      72        1.815297    2.947679e-03    3.926824e-14    1.758000e-03    4.772192e-02
      73        1.815297    3.170167e-03    4.222950e-14    1.890040e-03    5.199043e-02
      74        1.815297    3.353627e-03    4.467218e-14    2.000439e-03    5.544023e-02
      75        1.815297    3.485221e-03    4.642407e-14    2.079070e-03    5.799529e-02
      76        1.815297    3.569357e-03    4.754430e-14    2.129532e-03    5.954767e-02
      77        1.815297    3.600035e-03    4.795307e-14    2.147739e-03    6.007603e-02
      78        1.815297    3.575312e-03    4.762370e-14    2.132384e-03    5.954631e-02
      79        1.815297    3.485304e-03    4.642517e-14    2.079168e-03    5.798316e-02
      80        1.815297    3.348031e-03    4.459743e-14    1.996659e-03    5.542808e-02
      81        1.815297    3.163224e-03    4.213704e-14    1.886187e-03    5.197384e-02
      82        1.815297    2.945913e-03    3.924468e-14    1.756758e-03    4.770592e-02
      83        1.815297    2.703619e-03    3.602077e-14    1.611827e-03    4.281512e-02
      84        1.815297    2.564224e-03    3.417201e-14    1.523063e-03    3.744096e-02
      85        1.815297    2.532489e-03    3.375205e-14    1.502684e-03    3.586877e-02
      86        1.815297    2.630675e-03    3.505033e-14    1.568267e-03    4.123724e-02
      87        1.815297    2.877468e-03    3.833364e-14    1.716227e-03    4.640639e-02
      88        1.815297    3.117729e-03    4.153153e-14    1.859433e-03    5.103139e-02
      89        1.815297    3.324443e-03    4.428358e-14    1.982669e-03    5.494265e-02
      90        1.815297    3.491075e-03    4.650228e-14    2.081864e-03    5.798768e-02
      91        1.815297    3.604929e-03    4.801821e-14    2.149953e-03    6.008567e-02
      92        1.815297    3.657568e-03    4.871909e-14    2.182091e-03    6.114150e-02
      93        1.815297    3.657821e-03    4.872241e-14    2.182455e-03    6.113909e-02
      94        1.815297    3.598581e-03    4.793357e-14    2.147619e-03    6.007229e-02
      95        1.815297    3.487667e-03    4.645684e-14    2.080747e-03    5.797331e-02
      96        1.815297    3.324256e-03    4.428103e-14    1.982864e-03    5.492512e-02
      97        1.815297    3.114840e-03    4.149296e-14    1.857406e-03    5.101399e-02
      98        1.815297    2.878235e-03    3.834394e-14    1.716324e-03    4.639502e-02
      99        1.815297    2.624174e-03    3.496364e-14    1.564620e-03    4.122774e-02
     100        1.815297    2.533302e-03    3.376287e-14    1.502948e-03    3.586409e-02
     102        1.815297    2.554516e-03    3.403936e-14    1.520749e-03    3.869689e-02
     103        1.815297    2.769134e-03    3.689194e-14    1.650919e-03    4.423037e-02
     104        1.815297    3.019945e-03    4.022995e-14    1.801053e-03    4.916173e-02
     105        1.815297    3.242709e-03    4.319523e-14    1.933895e-03    5.346741e-02
     106        1.815297    3.431994e-03    4.571541e-14    2.047335e-03    5.696484e-02
     107        1.815297    3.572139e-03    4.758160e-14    2.131281e-03    5.955805e-02
     108        1.815297    3.663757e-03    4.880159e-14    2.185123e-03    6.114951e-02
     109        1.815297    3.688339e-03    4.912899e-14    2.200858e-03    6.167344e-02
     110        1.815297    3.659689e-03    4.874739e-14    2.183083e-03    6.113992e-02
     111        1.815297    3.574991e-03    4.761957e-14    2.132458e-03    5.955057e-02
     112        1.815297    3.430633e-03    4.569732e-14    2.046194e-03    5.695438e-02
     113        1.815297    3.242521e-03    4.319264e-14    1.933950e-03    5.345547e-02
     114        1.815297    3.015920e-03    4.017637e-14    1.798893e-03    4.914698e-02
     115        1.815297    2.764726e-03    3.683317e-14    1.649108e-03    4.422147e-02
     116        1.815297    2.558234e-03    3.408884e-14    1.522483e-03    3.869122e-02
     118        1.815297    2.532599e-03    3.375358e-14    1.502619e-03    3.586716e-02
     119        1.815297    2.630670e-03    3.505025e-14    1.568224e-03    4.123488e-02
     120        1.815297    2.876657e-03    3.832276e-14    1.715709e-03    4.640009e-02
     121        1.815297    3.118703e-03    4.154464e-14    1.860159e-03    5.102188e-02
     122        1.815297    3.324204e-03    4.428034e-14    1.982931e-03    5.493019e-02
     123        1.815297    3.486987e-03    4.644764e-14    2.080496e-03    5.798040e-02
     124        1.815297    3.601817e-03    4.797681e-14    2.149257e-03    6.008003e-02
     125        1.815297    3.657125e-03    4.871326e-14    2.182221e-03    6.113560e-02
     126        1.815297    3.660638e-03    4.875996e-14    2.183889e-03    6.113399e-02
     127        1.815297    3.600524e-03    4.795947e-14    2.148724e-03    6.007306e-02
     128        1.815297    3.487293e-03    4.645177e-14    2.079841e-03    5.796833e-02
     129        1.815297    3.323660e-03    4.427298e-14    1.982164e-03    5.492128e-02
     130        1.815297    3.121954e-03    4.158780e-14    1.861201e-03    5.101228e-02
     131        1.815297    2.877621e-03    3.833576e-14    1.716077e-03    4.639123e-02
     132        1.815297    2.629932e-03    3.504044e-14    1.568026e-03    4.123097e-02
     133        1.815297    2.531810e-03    3.374295e-14    1.502458e-03    3.586461e-02
     134        1.815297    2.567967e-03    3.422183e-14    1.525344e-03    3.744441e-02
     135        1.815297    2.703245e-03    3.601574e-14    1.611757e-03    4.281902e-02
     136        1.815297    2.942921e-03    3.920485e-14    1.755614e-03    4.770844e-02
     137        1.815297    3.168052e-03    4.220149e-14    1.889614e-03    5.197668e-02
     138        1.815297    3.350460e-03    4.462977e-14    1.997996e-03    5.543167e-02
     139        1.815297    3.491451e-03    4.650721e-14    2.082225e-03    5.798776e-02
     140        1.815297    3.570558e-03    4.756036e-14    2.130080e-03    5.954198e-02
     141        1.815297    3.602402e-03    4.798458e-14    2.149005e-03    6.006959e-02
     142        1.815297    3.572670e-03    4.758866e-14    2.130969e-03    5.953975e-02
     143        1.815297    3.489686e-03    4.648360e-14    2.081567e-03    5.797386e-02
     144        1.815297    3.345938e-03    4.456963e-14    1.996317e-03    5.541545e-02
     145        1.815297    3.164236e-03    4.215065e-14    1.887217e-03    5.196562e-02
     146        1.815297    2.944359e-03    3.922405e-14    1.756387e-03    4.770087e-02
     147        1.815297    2.704012e-03    3.602601e-14    1.612130e-03    4.281636e-02
     148        1.815297    2.572147e-03    3.427762e-14    1.527451e-03    3.744839e-02
     149        1.815297    2.611399e-03    3.479963e-14    1.550831e-03    3.835510e-02
     150        1.815297    2.741959e-03    3.653101e-14    1.635192e-03    4.359296e-02
     151        1.815297    2.967945e-03    3.953765e-14    1.770303e-03    4.814906e-02
     152        1.815297    3.165534e-03    4.216784e-14    1.887214e-03    5.197074e-02
     153        1.815297    3.323830e-03    4.427524e-14    1.982409e-03    5.493560e-02
     154        1.815297    3.429623e-03    4.568360e-14    2.045515e-03    5.695459e-02
     155        1.815297    3.488213e-03    4.646402e-14    2.080499e-03    5.798296e-02
     156        1.815297    3.484106e-03    4.640923e-14    2.077952e-03    5.798296e-02
     157        1.815297    3.426387e-03    4.564056e-14    2.043990e-03    5.695042e-02
     158        1.815297    3.323116e-03    4.426579e-14    1.981644e-03    5.492126e-02
     159        1.815297    3.167549e-03    4.219477e-14    1.888550e-03    5.195758e-02
     160        1.815297    2.968205e-03    3.954140e-14    1.769623e-03    4.813800e-02
     161        1.815297    2.745487e-03    3.657806e-14    1.637047e-03    4.358805e-02
     162        1.815297    2.610678e-03    3.478999e-14    1.550964e-03    3.835384e-02
     163        1.815297    2.623078e-03    3.495507e-14    1.558610e-03    3.866279e-02
     164        1.815297    2.742212e-03    3.653431e-14    1.635162e-03    4.358784e-02
     165        1.815297    2.947034e-03    3.925946e-14    1.757569e-03    4.772416e-02
     166        1.815297    3.117312e-03    4.152586e-14    1.858425e-03    5.102439e-02
     167        1.815297    3.244180e-03    4.321495e-14    1.934711e-03    5.344864e-02
     168        1.815297    3.325078e-03    4.429189e-14    1.983568e-03    5.493095e-02
     169        1.815297    3.349974e-03    4.462332e-14    1.998170e-03    5.542690e-02
     170        1.815297    3.325888e-03    4.430274e-14    1.984002e-03    5.492888e-02
     171        1.815297    3.246056e-03    4.323982e-14    1.936195e-03    5.344331e-02
     172        1.815297    3.115157e-03    4.149731e-14    1.857867e-03    5.101123e-02
     173        1.815297    2.940144e-03    3.916762e-14    1.753177e-03    4.771227e-02
     174        1.815297    2.741850e-03    3.652950e-14    1.634586e-03    4.358408e-02
     175        1.815297    2.625622e-03    3.498896e-14    1.559662e-03    3.866312e-02
     176        1.815297    2.612640e-03    3.481615e-14    1.551839e-03    3.835987e-02
     177        1.815297    2.705530e-03    3.604629e-14    1.613331e-03    4.281720e-02
     178        1.815297    2.879394e-03    3.835924e-14    1.716647e-03    4.640679e-02
     179        1.815297    3.021600e-03    4.025185e-14    1.802025e-03    4.916244e-02
     180        1.815297    3.116672e-03    4.151736e-14    1.858421e-03    5.102469e-02
     181        1.815297    3.171168e-03    4.224320e-14    1.891194e-03    5.196816e-02
     182        1.815297    3.164125e-03    4.214906e-14    1.886619e-03    5.196494e-02
     183        1.815297    3.114620e-03    4.149009e-14    1.857414e-03    5.102305e-02
     184        1.815297    3.016021e-03    4.017753e-14    1.799257e-03    4.915404e-02
     185        1.815297    2.873717e-03    3.828368e-14    1.713946e-03    4.639444e-02
     186        1.815297    2.703140e-03    3.601451e-14    1.611836e-03    4.280821e-02
     187        1.815297    2.608429e-03    3.476004e-14    1.549717e-03    3.835301e-02
     188        1.815297    2.567735e-03    3.421875e-14    1.524986e-03    3.744883e-02
     189        1.815297    2.628852e-03    3.502597e-14    1.567259e-03    4.124824e-02
     190        1.815297    2.764402e-03    3.682888e-14    1.648483e-03    4.421752e-02
     191        1.815297    2.877108e-03    3.832900e-14    1.715151e-03    4.639903e-02
     192        1.815297    2.943700e-03    3.921511e-14    1.756016e-03    4.771333e-02
     193        1.815297    2.969633e-03    3.956031e-14    1.771048e-03    4.815668e-02
     194        1.815297    2.951703e-03    3.932191e-14    1.760119e-03    4.771655e-02
     195        1.815297    2.878716e-03    3.835037e-14    1.716827e-03    4.639595e-02
     196        1.815297    2.766048e-03    3.685100e-14    1.649650e-03    4.420768e-02
     197        1.815297    2.632047e-03    3.506863e-14    1.568642e-03    4.124006e-02
     198        1.815297    2.568444e-03    3.422819e-14    1.525939e-03    3.744548e-02
     199        1.815297    2.534042e-03    3.377276e-14    1.503310e-03    3.588119e-02
     200        1.815297    2.562665e-03    3.414790e-14    1.524977e-03    3.870957e-02
     201        1.815297    2.631920e-03    3.506700e-14    1.568734e-03    4.124067e-02
     202        1.815297    2.707758e-03    3.607592e-14    1.614181e-03    4.280937e-02
     203        1.815297    2.740623e-03    3.651306e-14    1.634046e-03    4.357540e-02
     204        1.815297    2.745603e-03    3.657957e-14    1.636879e-03    4.357435e-02
     205        1.815297    2.703789e-03    3.602294e-14    1.612115e-03    4.280844e-02
     206        1.815297    2.632608e-03    3.507609e-14    1.568836e-03    4.123372e-02
     207        1.815297    2.558581e-03    3.409347e-14    1.521997e-03    3.870267e-02
     208        1.815297    2.532849e-03    3.375679e-14    1.502887e-03    3.587748e-02
     210        1.815297    2.528527e-03    3.369926e-14    1.500625e-03    3.585664e-02
     211        1.815297    2.568249e-03    3.422569e-14    1.525569e-03    3.741234e-02
     212        1.815297    2.606735e-03    3.473763e-14    1.548601e-03    3.831715e-02
     213        1.815297    2.624149e-03    3.496940e-14    1.558891e-03    3.863036e-02
     214        1.815297    2.608540e-03    3.476154e-14    1.549358e-03    3.831460e-02
     215        1.815297    2.567292e-03    3.421304e-14    1.525072e-03    3.740791e-02
     216        1.815297    2.532942e-03    3.375811e-14    1.502973e-03    3.585141e-02
   21700      614.507005    0.000000e+00    0.000000e+00    1.641740e-05    1.824355e-02
   21800        9.606182    0.000000e+00    0.000000e+00    5.353164e-04    3.369505e-02
   21900        6.892924    0.000000e+00    0.000000e+00    1.530897e-04    3.454112e-02

 Block max:
  Blk ID Fission neutron           Power      Absorption     Scalar flux
       2    2.622382e-03    3.495641e-14    1.543379e-03    3.822428e-02
       3    2.662677e-03    3.549109e-14    1.567227e-03    4.000947e-02
       4    2.685499e-03    3.579432e-14    1.581019e-03    4.100759e-02
       5    2.690811e-03    3.586490e-14    1.584806e-03    4.130799e-02
       6    2.685745e-03    3.579767e-14    1.581950e-03    4.100201e-02
       7    2.657058e-03    3.541616e-14    1.564795e-03    3.999804e-02
       8    2.617481e-03    3.489102e-14    1.540407e-03    3.818801e-02
       9    0.000000e+00    0.000000e+00    1.879664e-07    3.596884e-02
      10    2.626402e-03    3.501019e-14    1.545381e-03    3.824692e-02
      11    2.621892e-03    3.493341e-14    1.564991e-03    4.113188e-02
      12    2.737747e-03    3.647442e-14    1.633410e-03    4.360253e-02
      13    2.813571e-03    3.748317e-14    1.678300e-03    4.520379e-02
      14    2.855679e-03    3.804384e-14    1.703408e-03    4.596215e-02
      15    2.860841e-03    3.811246e-14    1.705961e-03    4.596230e-02
      16    2.816917e-03    3.752795e-14    1.680400e-03    4.519973e-02
      17    2.733876e-03    3.642283e-14    1.630349e-03    4.358426e-02
      18    2.620701e-03    3.491757e-14    1.564307e-03    4.111375e-02
      19    2.617282e-03    3.488850e-14    1.541496e-03    3.820673e-02
      20    2.664923e-03    3.552106e-14    1.568355e-03    4.002814e-02
      21    2.738483e-03    3.648426e-14    1.633241e-03    4.362374e-02
      22    2.877895e-03    3.833924e-14    1.716073e-03    4.640154e-02
      23    2.992398e-03    3.986331e-14    1.784360e-03    4.857003e-02
      24    3.058375e-03    4.074159e-14    1.823649e-03    4.984944e-02
      25    3.075589e-03    4.097062e-14    1.833722e-03    5.022610e-02
      26    3.053008e-03    4.066985e-14    1.821142e-03    4.984407e-02
      27    2.988097e-03    3.980594e-14    1.782119e-03    4.855308e-02
      28    2.875734e-03    3.831032e-14    1.714658e-03    4.638773e-02
      29    2.733376e-03    3.641621e-14    1.630202e-03    4.360019e-02
      30    2.660643e-03    3.546378e-14    1.565821e-03    4.000215e-02
      31    2.683552e-03    3.576815e-14    1.580437e-03    4.103732e-02
      32    2.818666e-03    3.755122e-14    1.681296e-03    4.521593e-02
      33    2.989741e-03    3.982788e-14    1.782684e-03    4.857130e-02
      34    3.121964e-03    4.158779e-14    1.861337e-03    5.109092e-02
      35    3.222281e-03    4.292344e-14    1.921592e-03    5.292584e-02
      36    3.256545e-03    4.337932e-14    1.943067e-03    5.380476e-02
      37    3.263821e-03    4.347647e-14    1.946493e-03    5.380537e-02
      38    3.220676e-03    4.290206e-14    1.920747e-03    5.291142e-02
      39    3.119325e-03    4.155266e-14    1.860316e-03    5.107503e-02
      40    2.987165e-03    3.979348e-14    1.781600e-03    4.855179e-02
      41    2.817709e-03    3.753858e-14    1.680457e-03    4.519803e-02
      42    2.687676e-03    3.582321e-14    1.582229e-03    4.100981e-02
      43    2.695157e-03    3.592262e-14    1.586541e-03    4.133087e-02
      44    2.858132e-03    3.807661e-14    1.703997e-03    4.595692e-02
      45    3.059195e-03    4.075234e-14    1.824186e-03    4.987739e-02
      46    3.218712e-03    4.287589e-14    1.919430e-03    5.292468e-02
      47    3.330660e-03    4.436628e-14    1.986020e-03    5.506766e-02
      48    3.406541e-03    4.537655e-14    2.032357e-03    5.649819e-02
      49    3.427334e-03    4.565327e-14    2.044427e-03    5.691539e-02
      50    3.409571e-03    4.541688e-14    2.033139e-03    5.649504e-02
      51    3.329743e-03    4.435403e-14    1.986113e-03    5.505810e-02
      52    3.216965e-03    4.285257e-14    1.918523e-03    5.291370e-02
      53    3.058028e-03    4.073681e-14    1.823548e-03    4.986355e-02
      54    2.863036e-03    3.814199e-14    1.707180e-03    4.593673e-02
      55    2.690913e-03    3.586609e-14    1.584548e-03    4.129981e-02
      56    2.684082e-03    3.577520e-14    1.581264e-03    4.102367e-02
      57    2.856839e-03    3.805935e-14    1.703878e-03    4.597078e-02
      58    3.075517e-03    4.096949e-14    1.833522e-03    5.026332e-02
      59    3.262437e-03    4.345777e-14    1.946195e-03    5.380964e-02
      60    3.405414e-03    4.536152e-14    2.031357e-03    5.650285e-02
      61    3.499312e-03    4.661174e-14    2.086884e-03    5.820767e-02
      62    3.551071e-03    4.730083e-14    2.118565e-03    5.916336e-02
      63    3.550347e-03    4.729111e-14    2.118208e-03    5.916421e-02
      64    3.503447e-03    4.666689e-14    2.089290e-03    5.820791e-02
      65    3.406877e-03    4.538102e-14    2.032036e-03    5.649460e-02
      66    3.267105e-03    4.352026e-14    1.948745e-03    5.379729e-02
      67    3.080064e-03    4.103021e-14    1.836544e-03    5.024633e-02
      68    2.855557e-03    3.804220e-14    1.703534e-03    4.594805e-02
      69    2.683436e-03    3.576666e-14    1.580257e-03    4.100098e-02
      70    2.662269e-03    3.548547e-14    1.567146e-03    4.001627e-02
      71    2.818752e-03    3.755229e-14    1.680964e-03    4.521793e-02
      72    3.057936e-03    4.073566e-14    1.823806e-03    4.987173e-02
      73    3.267523e-03    4.352555e-14    1.948128e-03    5.382877e-02
      74    3.434022e-03    4.574266e-14    2.048504e-03    5.692124e-02
      75    3.547001e-03    4.724669e-14    2.116208e-03    5.916775e-02
      76    3.616296e-03    4.816939e-14    2.157552e-03    6.038872e-02
      77    3.642469e-03    4.851815e-14    2.173116e-03    6.083731e-02
      78    3.622092e-03    4.824667e-14    2.160378e-03    6.038913e-02
      79    3.548350e-03    4.726466e-14    2.116911e-03    5.915362e-02
      80    3.426894e-03    4.564747e-14    2.043859e-03    5.690521e-02
      81    3.260322e-03    4.342966e-14    1.944152e-03    5.380700e-02
      82    3.055842e-03    4.070773e-14    1.822376e-03    4.984853e-02
      83    2.815530e-03    3.750949e-14    1.679196e-03    4.519719e-02
      84    2.656210e-03    3.540478e-14    1.563622e-03    3.999445e-02
      85    2.620507e-03    3.493139e-14    1.542344e-03    3.817735e-02
      86    2.737248e-03    3.646774e-14    1.632725e-03    4.359525e-02
      87    2.988242e-03    3.980794e-14    1.782310e-03    4.855922e-02
      88    3.217279e-03    4.285677e-14    1.918888e-03    5.291973e-02
      89    3.407608e-03    4.539091e-14    2.032415e-03    5.649563e-02
      90    3.553774e-03    4.733709e-14    2.119489e-03    5.917080e-02
      91    3.647241e-03    4.858164e-14    2.175234e-03    6.084823e-02
      92    3.680114e-03    4.901932e-14    2.195614e-03    6.155645e-02
      93    3.680124e-03    4.901940e-14    2.195850e-03    6.155327e-02
      94    3.640584e-03    4.849289e-14    2.172774e-03    6.083456e-02
      95    3.550552e-03    4.729414e-14    2.118452e-03    5.915458e-02
      96    3.407701e-03    4.539207e-14    2.032748e-03    5.647738e-02
      97    3.214455e-03    4.281906e-14    1.916837e-03    5.289804e-02
      98    2.988867e-03    3.981635e-14    1.782301e-03    4.854213e-02
      99    2.730738e-03    3.638097e-14    1.629024e-03    4.357488e-02
     100    2.621818e-03    3.494885e-14    1.542927e-03    3.816386e-02
     102    2.613910e-03    3.482706e-14    1.560743e-03    4.111962e-02
     103    2.878284e-03    3.834439e-14    1.716078e-03    4.639127e-02
     104    3.120045e-03    4.156233e-14    1.860807e-03    5.109042e-02
     105    3.328192e-03    4.433327e-14    1.984974e-03    5.508501e-02
     106    3.500288e-03    4.662479e-14    2.088134e-03    5.821108e-02
     107    3.619009e-03    4.820571e-14    2.159303e-03    6.040734e-02
     108    3.685554e-03    4.909185e-14    2.198233e-03    6.155801e-02
     109    3.691244e-03    4.916770e-14    2.202609e-03    6.172934e-02
     110    3.681805e-03    4.904192e-14    2.196384e-03    6.155079e-02
     111    3.620567e-03    4.822644e-14    2.159795e-03    6.039794e-02
     112    3.497622e-03    4.658931e-14    2.086321e-03    5.820030e-02
     113    3.328949e-03    4.434326e-14    1.985513e-03    5.507135e-02
     114    3.116146e-03    4.151041e-14    1.858670e-03    5.107227e-02
     115    2.873180e-03    3.827636e-14    1.713944e-03    4.637793e-02
     116    2.618208e-03    3.488428e-14    1.562805e-03    4.110789e-02
     118    2.619510e-03    3.491813e-14    1.541732e-03    3.817472e-02
     119    2.736718e-03    3.646067e-14    1.632384e-03    4.359015e-02
     120    2.987415e-03    3.979684e-14    1.781801e-03    4.854868e-02
     121    3.217027e-03    4.285355e-14    1.918935e-03    5.290609e-02
     122    3.407633e-03    4.539117e-14    2.032828e-03    5.648238e-02
     123    3.552146e-03    4.731525e-14    2.119385e-03    5.916167e-02
     124    3.643652e-03    4.853388e-14    2.174331e-03    6.084334e-02
     125    3.679588e-03    4.901238e-14    2.195710e-03    6.155077e-02
     126    3.683330e-03    4.906213e-14    2.197486e-03    6.154937e-02
     127    3.642207e-03    4.851451e-14    2.173703e-03    6.083576e-02
     128    3.550850e-03    4.729803e-14    2.117904e-03    5.915058e-02
     129    3.407681e-03    4.539170e-14    2.032340e-03    5.647143e-02
     130    3.222023e-03    4.291994e-14    1.920866e-03    5.289611e-02
     131    2.988350e-03    3.980950e-14    1.782134e-03    4.853623e-02
     132    2.736387e-03    3.645628e-14    1.632384e-03    4.358103e-02
     133    2.619476e-03    3.491761e-14    1.542124e-03    3.817131e-02
     134    2.661268e-03    3.547212e-14    1.566630e-03    4.000089e-02
     135    2.815382e-03    3.750746e-14    1.679217e-03    4.519892e-02
     136    3.052405e-03    4.066195e-14    1.820999e-03    4.985100e-02
     137    3.264236e-03    4.348192e-14    1.947079e-03    5.380943e-02
     138    3.429570e-03    4.568311e-14    2.045346e-03    5.690739e-02
     139    3.555906e-03    4.736549e-14    2.120731e-03    5.915836e-02
     140    3.616804e-03    4.817619e-14    2.157770e-03    6.038105e-02
     141    3.643047e-03    4.852582e-14    2.173452e-03    6.082741e-02
     142    3.618109e-03    4.819374e-14    2.158248e-03    6.038110e-02
     143    3.553623e-03    4.733498e-14    2.119811e-03    5.914670e-02
     144    3.426052e-03    4.563635e-14    2.044167e-03    5.688955e-02
     145    3.261014e-03    4.343900e-14    1.945014e-03    5.379601e-02
     146    3.054156e-03    4.068534e-14    1.821924e-03    4.984062e-02
     147    2.815633e-03    3.751086e-14    1.679296e-03    4.519199e-02
     148    2.665690e-03    3.553115e-14    1.568860e-03    4.000206e-02
     149    2.687362e-03    3.581897e-14    1.582175e-03    4.100422e-02
     150    2.853343e-03    3.801280e-14    1.702249e-03    4.595055e-02
     151    3.075603e-03    4.097043e-14    1.834504e-03    5.024304e-02
     152    3.261986e-03    4.345187e-14    1.944787e-03    5.379815e-02
     153    3.405916e-03    4.536809e-14    2.031555e-03    5.649447e-02
     154    3.496624e-03    4.657573e-14    2.085604e-03    5.819616e-02
     155    3.552371e-03    4.731835e-14    2.118843e-03    5.915259e-02
     156    3.547336e-03    4.725118e-14    2.115801e-03    5.915459e-02
     157    3.492825e-03    4.652517e-14    2.083761e-03    5.819463e-02
     158    3.405894e-03    4.536787e-14    2.031128e-03    5.647976e-02
     159    3.264010e-03    4.347893e-14    1.946171e-03    5.378160e-02
     160    3.075100e-03    4.096403e-14    1.833396e-03    5.022923e-02
     161    2.856180e-03    3.805064e-14    1.703744e-03    4.594111e-02
     162    2.687318e-03    3.581835e-14    1.582617e-03    4.100035e-02
     163    2.691528e-03    3.587433e-14    1.585560e-03    4.130891e-02
     164    2.852935e-03    3.800734e-14    1.701873e-03    4.593916e-02
     165    3.058102e-03    4.073773e-14    1.823757e-03    4.985984e-02
     166    3.215722e-03    4.283586e-14    1.917200e-03    5.291142e-02
     167    3.328965e-03    4.434373e-14    1.985427e-03    5.505349e-02
     168    3.408143e-03    4.539780e-14    2.033231e-03    5.648705e-02
     169    3.430078e-03    4.568987e-14    2.045979e-03    5.690600e-02
     170    3.409523e-03    4.541624e-14    2.033976e-03    5.648881e-02
     171    3.331395e-03    4.437599e-14    1.987205e-03    5.505223e-02
     172    3.213607e-03    4.280783e-14    1.916693e-03    5.289773e-02
     173    3.049423e-03    4.062204e-14    1.818403e-03    4.984495e-02
     174    2.851791e-03    3.799210e-14    1.700871e-03    4.592962e-02
     175    2.695180e-03    3.592300e-14    1.587151e-03    4.130559e-02
     176    2.688032e-03    3.582796e-14    1.582769e-03    4.102099e-02
     177    2.816649e-03    3.752439e-14    1.680267e-03    4.520102e-02
     178    2.990547e-03    3.983861e-14    1.782877e-03    4.855053e-02
     179    3.120644e-03    4.157017e-14    1.861159e-03    5.107489e-02
     180    3.215060e-03    4.282711e-14    1.917197e-03    5.290469e-02
     181    3.266939e-03    4.351814e-14    1.948438e-03    5.379970e-02
     182    3.259924e-03    4.342435e-14    1.943845e-03    5.379833e-02
     183    3.214230e-03    4.281611e-14    1.916828e-03    5.290606e-02
     184    3.116358e-03    4.151310e-14    1.859094e-03    5.107144e-02
     185    2.984679e-03    3.976052e-14    1.780103e-03    4.853688e-02
     186    2.814081e-03    3.749027e-14    1.678672e-03    4.518732e-02
     187    2.683735e-03    3.577070e-14    1.580681e-03    4.101259e-02
     188    2.662655e-03    3.549066e-14    1.567073e-03    4.000308e-02
     189    2.735992e-03    3.645094e-14    1.631934e-03    4.360052e-02
     190    2.872030e-03    3.826102e-14    1.712785e-03    4.638285e-02
     191    2.986818e-03    3.978909e-14    1.780599e-03    4.854768e-02
     192    3.053520e-03    4.067681e-14    1.821579e-03    4.983520e-02
     193    3.077139e-03    4.099128e-14    1.835204e-03    5.021683e-02
     194    3.062049e-03    4.079063e-14    1.825980e-03    4.984086e-02
     195    2.990402e-03    3.983684e-14    1.783410e-03    4.855027e-02
     196    2.874859e-03    3.829893e-14    1.714678e-03    4.637471e-02
     197    2.738508e-03    3.648457e-14    1.632985e-03    4.358959e-02
     198    2.662771e-03    3.549218e-14    1.567819e-03    3.999715e-02
     199    2.622307e-03    3.495558e-14    1.543496e-03    3.820672e-02
     200    2.623152e-03    3.495024e-14    1.565540e-03    4.110999e-02
     201    2.737732e-03    3.647434e-14    1.632764e-03    4.358121e-02
     202    2.819035e-03    3.755616e-14    1.681211e-03    4.518887e-02
     203    2.851576e-03    3.798901e-14    1.700899e-03    4.594822e-02
     204    2.857558e-03    3.806889e-14    1.704282e-03    4.595163e-02
     205    2.816087e-03    3.751679e-14    1.679711e-03    4.519365e-02
     206    2.738535e-03    3.648494e-14    1.632943e-03    4.357939e-02
     207    2.617997e-03    3.488156e-14    1.561994e-03    4.110318e-02
     208    2.620902e-03    3.493679e-14    1.542997e-03    3.820226e-02
     210    2.614432e-03    3.485031e-14    1.539290e-03    3.818355e-02
     211    2.662779e-03    3.549237e-14    1.567422e-03    3.999341e-02
     212    2.684306e-03    3.577849e-14    1.580710e-03    4.099291e-02
     213    2.695696e-03    3.593006e-14    1.587358e-03    4.129444e-02
     214    2.686337e-03    3.580544e-14    1.581569e-03    4.099410e-02
     215    2.660765e-03    3.546561e-14    1.566417e-03    3.999490e-02
     216    2.620339e-03    3.492909e-14    1.542403e-03    3.818365e-02
   21700    0.000000e+00    0.000000e+00    3.571151e-05    3.346792e-02
   21800    0.000000e+00    0.000000e+00    5.493535e-04    3.410354e-02
   21900    0.000000e+00    0.000000e+00    1.535432e-04    3.482057e-02

