
=============================================================================================================================================================================

                                                                             Core map (t=0)

=============================================================================================================================================================================
 Block average:
  Blk ID          Volume Fission neutron           Power      Absorption     Scalar flux
       2        1.815297    2.530187e-03    3.372089e-14    1.496974e-03    3.585796e-02
       3        1.815297    2.566465e-03    3.420161e-14    1.521436e-03    3.741146e-02
       4        1.815297    2.606953e-03    3.474014e-14    1.545937e-03    3.831631e-02
       5        1.815297    2.620434e-03    3.491949e-14    1.554165e-03    3.862899e-02
       6        1.815297    2.606950e-03    3.474011e-14    1.545935e-03    3.831629e-02
       7        1.815297    2.566455e-03    3.420147e-14    1.521431e-03    3.741132e-02
       8        1.815297    2.530212e-03    3.372122e-14    1.496987e-03    3.585761e-02
       9       43.604240    0.000000e+00    0.000000e+00    1.827818e-07    3.471160e-02
      10        1.815297    2.530621e-03    3.372654e-14    1.497216e-03    3.588397e-02
      11        1.815297    2.558866e-03    3.409700e-14    1.521492e-03    3.870322e-02
      12        1.815297    2.627983e-03    3.501436e-14    1.567084e-03    4.123018e-02
      13        1.815297    2.703906e-03    3.602451e-14    1.612722e-03    4.280331e-02
      14        1.815297    2.742801e-03    3.654217e-14    1.635988e-03    4.356900e-02
      15        1.815297    2.742798e-03    3.654213e-14    1.635986e-03    4.356895e-02
      16        1.815297    2.703896e-03    3.602438e-14    1.612716e-03    4.280316e-02
      17        1.815297    2.627966e-03    3.501412e-14    1.567074e-03    4.123014e-02
      18        1.815297    2.558825e-03    3.409646e-14    1.521469e-03    3.870297e-02
      19        1.815297    2.530596e-03    3.372621e-14    1.497201e-03    3.588350e-02
      20        1.815297    2.567086e-03    3.420973e-14    1.521821e-03    3.744964e-02
      21        1.815297    2.628212e-03    3.501739e-14    1.567224e-03    4.123846e-02
      22        1.815297    2.767164e-03    3.686577e-14    1.650928e-03    4.420650e-02
      23        1.815297    2.877442e-03    3.833332e-14    1.716904e-03    4.639132e-02
      24        1.815297    2.945228e-03    3.923553e-14    1.757413e-03    4.770737e-02
      25        1.815297    2.967932e-03    3.953773e-14    1.770986e-03    4.814766e-02
      26        1.815297    2.945220e-03    3.923543e-14    1.757409e-03    4.770725e-02
      27        1.815297    2.877426e-03    3.833311e-14    1.716895e-03    4.639108e-02
      28        1.815297    2.767140e-03    3.686545e-14    1.650913e-03    4.420612e-02
      29        1.815297    2.628175e-03    3.501689e-14    1.567203e-03    4.123808e-02
      30        1.815297    2.567026e-03    3.420893e-14    1.521787e-03    3.744913e-02
      31        1.815297    2.607405e-03    3.474603e-14    1.546256e-03    3.835497e-02
      32        1.815297    2.704279e-03    3.602951e-14    1.612949e-03    4.280669e-02
      33        1.815297    2.877629e-03    3.833579e-14    1.717017e-03    4.639730e-02
      34        1.815297    3.019295e-03    4.022125e-14    1.801640e-03    4.915407e-02
      35        1.815297    3.117053e-03    4.152258e-14    1.860069e-03    5.102056e-02
      36        1.815297    3.166753e-03    4.218423e-14    1.889797e-03    5.196043e-02
      37        1.815297    3.166748e-03    4.218418e-14    1.889794e-03    5.196037e-02
      38        1.815297    3.117040e-03    4.152241e-14    1.860062e-03    5.102037e-02
      39        1.815297    3.019274e-03    4.022097e-14    1.801628e-03    4.915375e-02
      40        1.815297    2.877600e-03    3.833541e-14    1.717001e-03    4.639690e-02
      41        1.815297    2.704242e-03    3.602901e-14    1.612926e-03    4.280614e-02
      42        1.815297    2.607354e-03    3.474535e-14    1.546227e-03    3.835443e-02
      43        1.815297    2.620736e-03    3.492339e-14    1.554399e-03    3.866175e-02
      44        1.815297    2.743277e-03    3.654849e-14    1.636277e-03    4.358115e-02
      45        1.815297    2.945531e-03    3.923955e-14    1.757597e-03    4.771713e-02
      46        1.815297    3.117145e-03    4.152384e-14    1.860125e-03    5.101647e-02
      47        1.815297    3.245106e-03    4.322730e-14    1.936637e-03    5.344553e-02
      48        1.815297    3.324060e-03    4.427848e-14    1.983887e-03    5.492814e-02
      49        1.815297    3.350754e-03    4.463389e-14    1.999868e-03    5.542753e-02
      50        1.815297    3.324051e-03    4.427836e-14    1.983882e-03    5.492800e-02
      51        1.815297    3.245089e-03    4.322708e-14    1.936627e-03    5.344527e-02
      52        1.815297    3.117121e-03    4.152352e-14    1.860111e-03    5.101607e-02
      53        1.815297    2.945500e-03    3.923914e-14    1.757578e-03    4.771665e-02
      54        1.815297    2.743239e-03    3.654799e-14    1.636255e-03    4.358062e-02
      55        1.815297    2.620691e-03    3.492279e-14    1.554373e-03    3.866123e-02
      56        1.815297    2.607053e-03    3.474133e-14    1.546057e-03    3.835424e-02
      57        1.815297    2.743225e-03    3.654777e-14    1.636247e-03    4.358547e-02
      58        1.815297    2.968183e-03    3.954115e-14    1.771138e-03    4.814191e-02
      59        1.815297    3.166927e-03    4.218655e-14    1.889901e-03    5.196326e-02
      60        1.815297    3.324138e-03    4.427951e-14    1.983934e-03    5.493057e-02
      61        1.815297    3.433000e-03    4.572897e-14    2.049102e-03    5.695630e-02
      62        1.815297    3.488727e-03    4.647098e-14    2.082475e-03    5.798539e-02
      63        1.815297    3.488723e-03    4.647093e-14    2.082472e-03    5.798532e-02
      64        1.815297    3.432987e-03    4.572879e-14    2.049094e-03    5.695609e-02
      65        1.815297    3.324117e-03    4.427924e-14    1.983922e-03    5.493023e-02
      66        1.815297    3.166899e-03    4.218619e-14    1.889885e-03    5.196283e-02
      67        1.815297    2.968151e-03    3.954072e-14    1.771119e-03    4.814139e-02
      68        1.815297    2.743189e-03    3.654729e-14    1.636226e-03    4.358495e-02
      69        1.815297    2.607014e-03    3.474081e-14    1.546035e-03    3.835378e-02
      70        1.815297    2.566447e-03    3.420121e-14    1.521463e-03    3.744574e-02
      71        1.815297    2.704108e-03    3.602719e-14    1.612849e-03    4.281268e-02
      72        1.815297    2.945400e-03    3.923788e-14    1.757519e-03    4.770317e-02
      73        1.815297    3.166944e-03    4.218674e-14    1.889912e-03    5.197130e-02
      74        1.815297    3.350842e-03    4.463508e-14    1.999921e-03    5.542656e-02
      75        1.815297    3.488766e-03    4.647151e-14    2.082498e-03    5.798561e-02
      76        1.815297    3.574264e-03    4.761001e-14    2.133706e-03    5.954805e-02
      77        1.815297    3.603244e-03    4.799591e-14    2.151065e-03    6.007637e-02
      78        1.815297    3.574255e-03    4.760989e-14    2.133701e-03    5.954791e-02
      79        1.815297    3.488750e-03    4.647129e-14    2.082489e-03    5.798534e-02
      80        1.815297    3.350819e-03    4.463477e-14    1.999908e-03    5.542618e-02
      81        1.815297    3.166916e-03    4.218636e-14    1.889895e-03    5.197084e-02
      82        1.815297    2.945368e-03    3.923746e-14    1.757500e-03    4.770267e-02
      83        1.815297    2.704074e-03    3.602673e-14    1.612829e-03    4.281214e-02
      84        1.815297    2.566413e-03    3.420076e-14    1.521443e-03    3.744525e-02
      85        1.815297    2.529787e-03    3.371548e-14    1.496738e-03    3.586818e-02
      86        1.815297    2.627822e-03    3.501222e-14    1.566995e-03    4.122734e-02
      87        1.815297    2.877470e-03    3.833371e-14    1.716924e-03    4.639108e-02
      88        1.815297    3.117104e-03    4.152330e-14    1.860101e-03    5.101531e-02
      89        1.815297    3.324127e-03    4.427938e-14    1.983928e-03    5.492793e-02
      90        1.815297    3.488738e-03    4.647119e-14    2.082481e-03    5.797697e-02
      91        1.815297    3.603277e-03    4.799633e-14    2.151085e-03    6.007938e-02
      92        1.815297    3.661994e-03    4.877825e-14    2.186257e-03    6.114149e-02
      93        1.815297    3.661989e-03    4.877820e-14    2.186254e-03    6.114142e-02
      94        1.815297    3.603265e-03    4.799617e-14    2.151078e-03    6.007919e-02
      95        1.815297    3.488719e-03    4.647093e-14    2.082470e-03    5.797665e-02
      96        1.815297    3.324103e-03    4.427906e-14    1.983914e-03    5.492753e-02
      97        1.815297    3.117075e-03    4.152292e-14    1.860084e-03    5.101485e-02
      98        1.815297    2.877439e-03    3.833330e-14    1.716906e-03    4.639057e-02
      99        1.815297    2.627791e-03    3.501181e-14    1.566977e-03    4.122687e-02
     100        1.815297    2.529757e-03    3.371508e-14    1.496720e-03    3.586764e-02
     102        1.815297    2.558139e-03    3.408733e-14    1.521075e-03    3.869225e-02
     103        1.815297    2.767049e-03    3.686415e-14    1.650864e-03    4.421985e-02
     104        1.815297    3.019243e-03    4.022059e-14    1.801611e-03    4.914902e-02
     105        1.815297    3.245177e-03    4.322819e-14    1.936682e-03    5.345839e-02
     106        1.815297    3.433041e-03    4.572950e-14    2.049127e-03    5.695996e-02
     107        1.815297    3.574308e-03    4.761056e-14    2.133733e-03    5.955479e-02
     108        1.815297    3.662021e-03    4.877858e-14    2.186274e-03    6.114674e-02
     109        1.815297    3.691739e-03    4.917436e-14    2.204075e-03    6.167845e-02
     110        1.815297    3.662013e-03    4.877848e-14    2.186269e-03    6.114661e-02
     111        1.815297    3.574294e-03    4.761037e-14    2.133724e-03    5.955454e-02
     112        1.815297    3.433021e-03    4.572923e-14    2.049115e-03    5.695963e-02
     113        1.815297    3.245153e-03    4.322786e-14    1.936667e-03    5.345798e-02
     114        1.815297    3.019216e-03    4.022023e-14    1.801595e-03    4.914859e-02
     115        1.815297    2.767021e-03    3.686378e-14    1.650847e-03    4.421938e-02
     116        1.815297    2.558111e-03    3.408696e-14    1.521059e-03    3.869187e-02
     118        1.815297    2.529785e-03    3.371546e-14    1.496737e-03    3.586804e-02
     119        1.815297    2.627820e-03    3.501220e-14    1.566994e-03    4.122731e-02
     120        1.815297    2.877468e-03    3.833369e-14    1.716923e-03    4.639106e-02
     121        1.815297    3.117103e-03    4.152328e-14    1.860101e-03    5.101530e-02
     122        1.815297    3.324127e-03    4.427938e-14    1.983928e-03    5.492793e-02
     123        1.815297    3.488738e-03    4.647119e-14    2.082482e-03    5.797697e-02
     124        1.815297    3.603277e-03    4.799634e-14    2.151085e-03    6.007940e-02
     125        1.815297    3.661995e-03    4.877827e-14    2.186258e-03    6.114152e-02
     126        1.815297    3.661991e-03    4.877822e-14    2.186256e-03    6.114146e-02
     127        1.815297    3.603267e-03    4.799620e-14    2.151079e-03    6.007923e-02
     128        1.815297    3.488722e-03    4.647097e-14    2.082472e-03    5.797670e-02
     129        1.815297    3.324106e-03    4.427910e-14    1.983915e-03    5.492758e-02
     130        1.815297    3.117079e-03    4.152297e-14    1.860087e-03    5.101490e-02
     131        1.815297    2.877444e-03    3.833336e-14    1.716909e-03    4.639066e-02
     132        1.815297    2.627798e-03    3.501191e-14    1.566981e-03    4.122697e-02
     133        1.815297    2.529769e-03    3.371524e-14    1.496728e-03    3.586786e-02
     134        1.815297    2.566449e-03    3.420123e-14    1.521464e-03    3.744572e-02
     135        1.815297    2.704105e-03    3.602714e-14    1.612847e-03    4.281264e-02
     136        1.815297    2.945398e-03    3.923785e-14    1.757517e-03    4.770314e-02
     137        1.815297    3.166942e-03    4.218672e-14    1.889911e-03    5.197128e-02
     138        1.815297    3.350842e-03    4.463507e-14    1.999921e-03    5.542656e-02
     139        1.815297    3.488767e-03    4.647152e-14    2.082499e-03    5.798563e-02
     140        1.815297    3.574266e-03    4.761003e-14    2.133707e-03    5.954808e-02
     141        1.815297    3.603247e-03    4.799595e-14    2.151067e-03    6.007643e-02
     142        1.815297    3.574259e-03    4.760995e-14    2.133703e-03    5.954798e-02
     143        1.815297    3.488755e-03    4.647136e-14    2.082491e-03    5.798543e-02
     144        1.815297    3.350825e-03    4.463485e-14    1.999911e-03    5.542628e-02
     145        1.815297    3.166922e-03    4.218644e-14    1.889899e-03    5.197094e-02
     146        1.815297    2.945376e-03    3.923756e-14    1.757504e-03    4.770280e-02
     147        1.815297    2.704085e-03    3.602688e-14    1.612836e-03    4.281229e-02
     148        1.815297    2.566436e-03    3.420107e-14    1.521456e-03    3.744544e-02
     149        1.815297    2.607043e-03    3.474120e-14    1.546052e-03    3.835415e-02
     150        1.815297    2.743219e-03    3.654770e-14    1.636243e-03    4.358545e-02
     151        1.815297    2.968180e-03    3.954110e-14    1.771136e-03    4.814186e-02
     152        1.815297    3.166925e-03    4.218653e-14    1.889900e-03    5.196325e-02
     153        1.815297    3.324138e-03    4.427952e-14    1.983934e-03    5.493059e-02
     154        1.815297    3.433002e-03    4.572899e-14    2.049103e-03    5.695634e-02
     155        1.815297    3.488731e-03    4.647103e-14    2.082477e-03    5.798546e-02
     156        1.815297    3.488728e-03    4.647100e-14    2.082476e-03    5.798541e-02
     157        1.815297    3.432994e-03    4.572888e-14    2.049098e-03    5.695621e-02
     158        1.815297    3.324125e-03    4.427934e-14    1.983926e-03    5.493036e-02
     159        1.815297    3.166908e-03    4.218631e-14    1.889890e-03    5.196297e-02
     160        1.815297    2.968161e-03    3.954084e-14    1.771125e-03    4.814154e-02
     161        1.815297    2.743200e-03    3.654744e-14    1.636232e-03    4.358510e-02
     162        1.815297    2.607037e-03    3.474112e-14    1.546048e-03    3.835395e-02
     163        1.815297    2.620726e-03    3.492327e-14    1.554393e-03    3.866163e-02
     164        1.815297    2.743271e-03    3.654841e-14    1.636273e-03    4.358115e-02
     165        1.815297    2.945528e-03    3.923951e-14    1.757594e-03    4.771710e-02
     166        1.815297    3.117144e-03    4.152383e-14    1.860124e-03    5.101646e-02
     167        1.815297    3.245107e-03    4.322732e-14    1.936638e-03    5.344558e-02
     168        1.815297    3.324064e-03    4.427853e-14    1.983889e-03    5.492821e-02
     169        1.815297    3.350760e-03    4.463397e-14    1.999872e-03    5.542764e-02
     170        1.815297    3.324059e-03    4.427846e-14    1.983886e-03    5.492813e-02
     171        1.815297    3.245098e-03    4.322720e-14    1.936633e-03    5.344541e-02
     172        1.815297    3.117131e-03    4.152365e-14    1.860117e-03    5.101625e-02
     173        1.815297    2.945511e-03    3.923928e-14    1.757585e-03    4.771683e-02
     174        1.815297    2.743251e-03    3.654815e-14    1.636262e-03    4.358079e-02
     175        1.815297    2.620709e-03    3.492303e-14    1.554383e-03    3.866144e-02
     176        1.815297    2.607394e-03    3.474589e-14    1.546250e-03    3.835482e-02
     177        1.815297    2.704272e-03    3.602941e-14    1.612944e-03    4.280664e-02
     178        1.815297    2.877626e-03    3.833575e-14    1.717015e-03    4.639732e-02
     179        1.815297    3.019295e-03    4.022125e-14    1.801641e-03    4.915409e-02
     180        1.815297    3.117057e-03    4.152263e-14    1.860071e-03    5.102064e-02
     181        1.815297    3.166759e-03    4.218432e-14    1.889800e-03    5.196054e-02
     182        1.815297    3.166757e-03    4.218429e-14    1.889799e-03    5.196050e-02
     183        1.815297    3.117050e-03    4.152254e-14    1.860068e-03    5.102054e-02
     184        1.815297    3.019285e-03    4.022112e-14    1.801635e-03    4.915392e-02
     185        1.815297    2.877613e-03    3.833558e-14    1.717008e-03    4.639709e-02
     186        1.815297    2.704255e-03    3.602918e-14    1.612934e-03    4.280636e-02
     187        1.815297    2.607364e-03    3.474549e-14    1.546233e-03    3.835462e-02
     188        1.815297    2.567059e-03    3.420937e-14    1.521806e-03    3.744947e-02
     189        1.815297    2.628202e-03    3.501724e-14    1.567218e-03    4.123854e-02
     190        1.815297    2.767161e-03    3.686574e-14    1.650926e-03    4.420644e-02
     191        1.815297    2.877445e-03    3.833336e-14    1.716906e-03    4.639139e-02
     192        1.815297    2.945234e-03    3.923562e-14    1.757417e-03    4.770748e-02
     193        1.815297    2.967941e-03    3.953785e-14    1.770991e-03    4.814780e-02
     194        1.815297    2.945231e-03    3.923557e-14    1.757415e-03    4.770741e-02
     195        1.815297    2.877439e-03    3.833327e-14    1.716902e-03    4.639128e-02
     196        1.815297    2.767153e-03    3.686563e-14    1.650921e-03    4.420632e-02
     197        1.815297    2.628190e-03    3.501709e-14    1.567211e-03    4.123833e-02
     198        1.815297    2.567036e-03    3.420907e-14    1.521793e-03    3.744926e-02
     199        1.815297    2.530624e-03    3.372658e-14    1.497216e-03    3.588373e-02
     200        1.815297    2.558842e-03    3.409668e-14    1.521480e-03    3.870328e-02
     201        1.815297    2.627985e-03    3.501438e-14    1.567085e-03    4.123050e-02
     202        1.815297    2.703913e-03    3.602460e-14    1.612726e-03    4.280340e-02
     203        1.815297    2.742812e-03    3.654231e-14    1.635994e-03    4.356918e-02
     204        1.815297    2.742810e-03    3.654230e-14    1.635993e-03    4.356914e-02
     205        1.815297    2.703909e-03    3.602455e-14    1.612724e-03    4.280331e-02
     206        1.815297    2.627978e-03    3.501428e-14    1.567081e-03    4.123029e-02
     207        1.815297    2.558848e-03    3.409676e-14    1.521482e-03    3.870305e-02
     208        1.815297    2.530617e-03    3.372648e-14    1.497212e-03    3.588364e-02
     210        1.815297    2.530221e-03    3.372134e-14    1.496992e-03    3.585781e-02
     211        1.815297    2.566473e-03    3.420171e-14    1.521441e-03    3.741159e-02
     212        1.815297    2.606975e-03    3.474044e-14    1.545949e-03    3.831651e-02
     213        1.815297    2.620460e-03    3.491984e-14    1.554180e-03    3.862912e-02
     214        1.815297    2.606969e-03    3.474035e-14    1.545946e-03    3.831635e-02
     215        1.815297    2.566475e-03    3.420174e-14    1.521442e-03    3.741146e-02
     216        1.815297    2.530216e-03    3.372127e-14    1.496989e-03    3.585782e-02
   21700      614.507005    0.000000e+00    0.000000e+00    1.644153e-05    1.824761e-02
   21800        9.606182    0.000000e+00    0.000000e+00    5.344689e-04    3.369854e-02
   21900        6.892924    0.000000e+00    0.000000e+00    1.532672e-04    3.454261e-02

 Block max:
  Blk ID Fission neutron           Power      Absorption     Scalar flux
       2    2.622731e-03    3.496053e-14    1.538873e-03    3.820666e-02
       3    2.662451e-03    3.548769e-14    1.563939e-03    3.999661e-02
       4    2.686939e-03    3.581321e-14    1.579174e-03    4.099808e-02
       5    2.694856e-03    3.591850e-14    1.584065e-03    4.129865e-02
       6    2.687224e-03    3.581702e-14    1.579316e-03    4.100101e-02
       7    2.662787e-03    3.549217e-14    1.564109e-03    3.999979e-02
       8    2.620978e-03    3.493711e-14    1.537995e-03    3.818885e-02
       9    0.000000e+00    0.000000e+00    1.878877e-07    3.596330e-02
      10    2.625119e-03    3.499260e-14    1.540029e-03    3.822597e-02
      11    2.619666e-03    3.490350e-14    1.562146e-03    4.110845e-02
      12    2.735423e-03    3.644338e-14    1.631986e-03    4.358249e-02
      13    2.816684e-03    3.752475e-14    1.680587e-03    4.519472e-02
      14    2.855659e-03    3.804353e-14    1.703881e-03    4.595204e-02
      15    2.855711e-03    3.804422e-14    1.703912e-03    4.595306e-02
      16    2.816594e-03    3.752356e-14    1.680534e-03    4.519297e-02
      17    2.735200e-03    3.644042e-14    1.631853e-03    4.357806e-02
      18    2.619776e-03    3.490496e-14    1.562213e-03    4.111070e-02
      19    2.621355e-03    3.494230e-14    1.538372e-03    3.820926e-02
      20    2.663244e-03    3.549816e-14    1.564456e-03    4.000753e-02
      21    2.735665e-03    3.644653e-14    1.632134e-03    4.360092e-02
      22    2.875452e-03    3.830666e-14    1.715717e-03    4.638024e-02
      23    2.988397e-03    3.981003e-14    1.783184e-03    4.855302e-02
      24    3.055734e-03    4.070639e-14    1.823433e-03    4.983971e-02
      25    3.075732e-03    4.097264e-14    1.835394e-03    5.021708e-02
      26    3.055689e-03    4.070580e-14    1.823407e-03    4.983884e-02
      27    2.988198e-03    3.980738e-14    1.783065e-03    4.854922e-02
      28    2.875596e-03    3.830858e-14    1.715803e-03    4.638318e-02
      29    2.735411e-03    3.644314e-14    1.631982e-03    4.359588e-02
      30    2.663142e-03    3.549679e-14    1.564401e-03    3.999933e-02
      31    2.685666e-03    3.579610e-14    1.578653e-03    4.101853e-02
      32    2.816822e-03    3.752661e-14    1.680672e-03    4.519572e-02
      33    2.988517e-03    3.981164e-14    1.783257e-03    4.855209e-02
      34    3.119280e-03    4.155214e-14    1.861384e-03    5.107370e-02
      35    3.216678e-03    4.284884e-14    1.919631e-03    5.291154e-02
      36    3.263972e-03    4.347847e-14    1.947933e-03    5.380257e-02
      37    3.263986e-03    4.347866e-14    1.947941e-03    5.380278e-02
      38    3.216524e-03    4.284679e-14    1.919539e-03    5.290866e-02
      39    3.119348e-03    4.155309e-14    1.861424e-03    5.107320e-02
      40    2.988258e-03    3.980819e-14    1.783103e-03    4.854719e-02
      41    2.816645e-03    3.752425e-14    1.680566e-03    4.519201e-02
      42    2.685636e-03    3.579570e-14    1.578635e-03    4.100926e-02
      43    2.692874e-03    3.589187e-14    1.583155e-03    4.130937e-02
      44    2.855864e-03    3.804637e-14    1.704005e-03    4.593632e-02
      45    3.055893e-03    4.070842e-14    1.823531e-03    4.985746e-02
      46    3.216572e-03    4.284741e-14    1.919567e-03    5.290979e-02
      47    3.330826e-03    4.436855e-14    1.987929e-03    5.505693e-02
      48    3.407803e-03    4.539344e-14    2.034014e-03    5.649391e-02
      49    3.430706e-03    4.569842e-14    2.047730e-03    5.691509e-02
      50    3.407707e-03    4.539217e-14    2.033957e-03    5.649212e-02
      51    3.330916e-03    4.436977e-14    1.987983e-03    5.505646e-02
      52    3.216522e-03    4.284675e-14    1.919537e-03    5.290886e-02
      53    3.055687e-03    4.070568e-14    1.823408e-03    4.985372e-02
      54    2.855528e-03    3.804189e-14    1.703804e-03    4.592996e-02
      55    2.692861e-03    3.589169e-14    1.583144e-03    4.130058e-02
      56    2.684855e-03    3.578521e-14    1.578215e-03    4.100805e-02
      57    2.856010e-03    3.804825e-14    1.704093e-03    4.595129e-02
      58    3.076020e-03    4.097634e-14    1.835568e-03    5.024414e-02
      59    3.263977e-03    4.347859e-14    1.947937e-03    5.379455e-02
      60    3.407726e-03    4.539240e-14    2.033968e-03    5.649509e-02
      61    3.500660e-03    4.662989e-14    2.089620e-03    5.820491e-02
      62    3.552989e-03    4.732669e-14    2.120963e-03    5.916270e-02
      63    3.552987e-03    4.732666e-14    2.120961e-03    5.916262e-02
      64    3.500773e-03    4.663140e-14    2.089687e-03    5.820668e-02
      65    3.407647e-03    4.539135e-14    2.033921e-03    5.649365e-02
      66    3.263737e-03    4.347540e-14    1.947793e-03    5.379021e-02
      67    3.075757e-03    4.097285e-14    1.835411e-03    5.023919e-02
      68    2.855664e-03    3.804364e-14    1.703887e-03    4.594462e-02
      69    2.684848e-03    3.578511e-14    1.578209e-03    4.099895e-02
      70    2.661488e-03    3.547474e-14    1.563498e-03    4.000282e-02
      71    2.816852e-03    3.752700e-14    1.680692e-03    4.519855e-02
      72    3.055963e-03    4.070940e-14    1.823573e-03    4.985309e-02
      73    3.264139e-03    4.348066e-14    1.948034e-03    5.381088e-02
      74    3.430709e-03    4.569849e-14    2.047731e-03    5.690902e-02
      75    3.552930e-03    4.732591e-14    2.120927e-03    5.916003e-02
      76    3.620648e-03    4.822769e-14    2.161490e-03    6.038940e-02
      77    3.645256e-03    4.855537e-14    2.176231e-03    6.083807e-02
      78    3.620718e-03    4.822862e-14    2.161532e-03    6.039059e-02
      79    3.552825e-03    4.732452e-14    2.120864e-03    5.915819e-02
      80    3.430526e-03    4.569606e-14    2.047622e-03    5.690568e-02
      81    3.263840e-03    4.347669e-14    1.947855e-03    5.380538e-02
      82    3.055569e-03    4.070415e-14    1.823338e-03    4.984566e-02
      83    2.816608e-03    3.752376e-14    1.680546e-03    4.519385e-02
      84    2.661487e-03    3.547472e-14    1.563495e-03    3.999388e-02
      85    2.620878e-03    3.493582e-14    1.537838e-03    3.817111e-02
      86    2.735295e-03    3.644166e-14    1.631914e-03    4.358362e-02
      87    2.988359e-03    3.980958e-14    1.783164e-03    4.854370e-02
      88    3.216677e-03    4.284885e-14    1.919631e-03    5.290448e-02
      89    3.407797e-03    4.539343e-14    2.034011e-03    5.648376e-02
      90    3.553017e-03    4.732707e-14    2.120979e-03    5.916172e-02
      91    3.645264e-03    4.855545e-14    2.176236e-03    6.084349e-02
      92    3.684900e-03    4.908328e-14    2.199979e-03    6.155746e-02
      93    3.684880e-03    4.908302e-14    2.199966e-03    6.155700e-02
      94    3.645196e-03    4.855454e-14    2.176195e-03    6.084155e-02
      95    3.552896e-03    4.732546e-14    2.120907e-03    5.915951e-02
      96    3.407630e-03    4.539121e-14    2.033911e-03    5.648074e-02
      97    3.216471e-03    4.284612e-14    1.919508e-03    5.290069e-02
      98    2.988125e-03    3.980646e-14    1.783024e-03    4.853924e-02
      99    2.734741e-03    3.643428e-14    1.631582e-03    4.357244e-02
     100    2.620862e-03    3.493559e-14    1.537828e-03    3.816222e-02
     102    2.619521e-03    3.490153e-14    1.562063e-03    4.111157e-02
     103    2.875561e-03    3.830814e-14    1.715785e-03    4.638017e-02
     104    3.119462e-03    4.155457e-14    1.861495e-03    5.107819e-02
     105    3.331076e-03    4.437179e-14    1.988080e-03    5.507726e-02
     106    3.500811e-03    4.663189e-14    2.089710e-03    5.820690e-02
     107    3.620793e-03    4.822955e-14    2.161578e-03    6.040382e-02
     108    3.684893e-03    4.908318e-14    2.199974e-03    6.155740e-02
     109    3.694911e-03    4.921661e-14    2.205975e-03    6.173422e-02
     110    3.684867e-03    4.908283e-14    2.199959e-03    6.155696e-02
     111    3.620730e-03    4.822870e-14    2.161540e-03    6.040274e-02
     112    3.500702e-03    4.663044e-14    2.089645e-03    5.820499e-02
     113    3.330928e-03    4.436981e-14    1.987991e-03    5.507466e-02
     114    3.119282e-03    4.155217e-14    1.861387e-03    5.107494e-02
     115    2.875359e-03    3.830545e-14    1.715664e-03    4.637639e-02
     116    2.619338e-03    3.489909e-14    1.561949e-03    4.110670e-02
     118    2.620451e-03    3.493010e-14    1.537632e-03    3.816982e-02
     119    2.735123e-03    3.643937e-14    1.631811e-03    4.358024e-02
     120    2.988173e-03    3.980711e-14    1.783053e-03    4.854003e-02
     121    3.216492e-03    4.284640e-14    1.919520e-03    5.290099e-02
     122    3.407618e-03    4.539104e-14    2.033903e-03    5.648041e-02
     123    3.552845e-03    4.732478e-14    2.120876e-03    5.915857e-02
     124    3.645200e-03    4.855459e-14    2.176198e-03    6.084278e-02
     125    3.684798e-03    4.908192e-14    2.199917e-03    6.155564e-02
     126    3.684852e-03    4.908264e-14    2.199950e-03    6.155659e-02
     127    3.645133e-03    4.855369e-14    2.176157e-03    6.084159e-02
     128    3.552789e-03    4.732404e-14    2.120843e-03    5.915759e-02
     129    3.407532e-03    4.538990e-14    2.033853e-03    5.647890e-02
     130    3.216383e-03    4.284494e-14    1.919455e-03    5.289900e-02
     131    2.988046e-03    3.980542e-14    1.782977e-03    4.853769e-02
     132    2.734991e-03    3.643761e-14    1.631732e-03    4.357777e-02
     133    2.620409e-03    3.492955e-14    1.537609e-03    3.816929e-02
     134    2.661352e-03    3.547291e-14    1.563444e-03    3.999706e-02
     135    2.816540e-03    3.752285e-14    1.680505e-03    4.519216e-02
     136    3.055638e-03    4.070507e-14    1.823379e-03    4.984669e-02
     137    3.263811e-03    4.347630e-14    1.947838e-03    5.380475e-02
     138    3.430533e-03    4.569618e-14    2.047626e-03    5.690304e-02
     139    3.552810e-03    4.732432e-14    2.120855e-03    5.915786e-02
     140    3.620528e-03    4.822609e-14    2.161418e-03    6.038726e-02
     141    3.645091e-03    4.855317e-14    2.176132e-03    6.083511e-02
     142    3.620646e-03    4.822767e-14    2.161489e-03    6.038940e-02
     143    3.552746e-03    4.732347e-14    2.120817e-03    5.915672e-02
     144    3.430398e-03    4.569438e-14    2.047545e-03    5.690208e-02
     145    3.263730e-03    4.347522e-14    1.947790e-03    5.380325e-02
     146    3.055536e-03    4.070371e-14    1.823318e-03    4.984486e-02
     147    2.816426e-03    3.752133e-14    1.680437e-03    4.518996e-02
     148    2.661318e-03    3.547246e-14    1.563426e-03    3.999504e-02
     149    2.684692e-03    3.578303e-14    1.578145e-03    4.099815e-02
     150    2.855571e-03    3.804241e-14    1.703831e-03    4.594253e-02
     151    3.075762e-03    4.097293e-14    1.835413e-03    5.023534e-02
     152    3.263813e-03    4.347641e-14    1.947838e-03    5.379137e-02
     153    3.407529e-03    4.538977e-14    2.033850e-03    5.649141e-02
     154    3.500470e-03    4.662735e-14    2.089506e-03    5.820072e-02
     155    3.552699e-03    4.732283e-14    2.120789e-03    5.915745e-02
     156    3.552794e-03    4.732409e-14    2.120846e-03    5.915916e-02
     157    3.500646e-03    4.662970e-14    2.089611e-03    5.820293e-02
     158    3.407472e-03    4.538902e-14    2.033816e-03    5.649041e-02
     159    3.263690e-03    4.347477e-14    1.947765e-03    5.378918e-02
     160    3.075582e-03    4.097054e-14    1.835306e-03    5.023412e-02
     161    2.855484e-03    3.804124e-14    1.703779e-03    4.594086e-02
     162    2.684662e-03    3.578262e-14    1.578129e-03    4.099643e-02
     163    2.692718e-03    3.588977e-14    1.583084e-03    4.130353e-02
     164    2.855676e-03    3.804387e-14    1.703892e-03    4.593264e-02
     165    3.055669e-03    4.070544e-14    1.823397e-03    4.985323e-02
     166    3.216312e-03    4.284396e-14    1.919412e-03    5.290484e-02
     167    3.330574e-03    4.436519e-14    1.987778e-03    5.505221e-02
     168    3.407389e-03    4.538793e-14    2.033766e-03    5.648626e-02
     169    3.430367e-03    4.569390e-14    2.047526e-03    5.690884e-02
     170    3.407540e-03    4.538995e-14    2.033857e-03    5.648904e-02
     171    3.330800e-03    4.436821e-14    1.987914e-03    5.505644e-02
     172    3.216258e-03    4.284324e-14    1.919380e-03    5.290390e-02
     173    3.055556e-03    4.070393e-14    1.823329e-03    4.985110e-02
     174    2.855513e-03    3.804170e-14    1.703795e-03    4.592958e-02
     175    2.692690e-03    3.588941e-14    1.583070e-03    4.130017e-02
     176    2.685572e-03    3.579484e-14    1.578597e-03    4.101108e-02
     177    2.816555e-03    3.752306e-14    1.680512e-03    4.519037e-02
     178    2.987975e-03    3.980443e-14    1.782933e-03    4.854161e-02
     179    3.118977e-03    4.154812e-14    1.861203e-03    5.106793e-02
     180    3.216161e-03    4.284195e-14    1.919321e-03    5.290184e-02
     181    3.263531e-03    4.347260e-14    1.947669e-03    5.379423e-02
     182    3.263656e-03    4.347427e-14    1.947744e-03    5.379661e-02
     183    3.216361e-03    4.284461e-14    1.919441e-03    5.290557e-02
     184    3.119246e-03    4.155169e-14    1.861364e-03    5.107305e-02
     185    2.987931e-03    3.980384e-14    1.782907e-03    4.854077e-02
     186    2.816450e-03    3.752166e-14    1.680449e-03    4.518838e-02
     187    2.685490e-03    3.579375e-14    1.578555e-03    4.100866e-02
     188    2.663013e-03    3.549508e-14    1.564326e-03    3.999695e-02
     189    2.735082e-03    3.643877e-14    1.631784e-03    4.358893e-02
     190    2.875105e-03    3.830211e-14    1.715510e-03    4.637264e-02
     191    2.987801e-03    3.980210e-14    1.782828e-03    4.854157e-02
     192    3.055201e-03    4.069929e-14    1.823115e-03    4.982941e-02
     193    3.075262e-03    4.096638e-14    1.835112e-03    5.020810e-02
     194    3.055372e-03    4.070157e-14    1.823217e-03    4.983272e-02
     195    2.988039e-03    3.980526e-14    1.782970e-03    4.854609e-02
     196    2.875403e-03    3.830607e-14    1.715688e-03    4.637301e-02
     197    2.735045e-03    3.643827e-14    1.631762e-03    4.358845e-02
     198    2.663000e-03    3.549491e-14    1.564321e-03    3.999543e-02
     199    2.621356e-03    3.494232e-14    1.538439e-03    3.820217e-02
     200    2.619326e-03    3.489902e-14    1.561929e-03    4.109898e-02
     201    2.734804e-03    3.643515e-14    1.631615e-03    4.357002e-02
     202    2.816096e-03    3.751694e-14    1.680236e-03    4.518273e-02
     203    2.855127e-03    3.803645e-14    1.703562e-03    4.594101e-02
     204    2.855268e-03    3.803832e-14    1.703647e-03    4.594391e-02
     205    2.816297e-03    3.751961e-14    1.680356e-03    4.518668e-02
     206    2.735061e-03    3.643857e-14    1.631769e-03    4.357533e-02
     207    2.619592e-03    3.490255e-14    1.562088e-03    4.110084e-02
     208    2.621397e-03    3.494286e-14    1.538446e-03    3.820230e-02
     210    2.620925e-03    3.493640e-14    1.537966e-03    3.817739e-02
     211    2.662919e-03    3.549393e-14    1.564188e-03    3.998750e-02
     212    2.687300e-03    3.581804e-14    1.579363e-03    4.098811e-02
     213    2.694946e-03    3.591969e-14    1.584116e-03    4.128842e-02
     214    2.687111e-03    3.581552e-14    1.579252e-03    4.099180e-02
     215    2.662620e-03    3.548995e-14    1.564015e-03    3.999267e-02
     216    2.621391e-03    3.494263e-14    1.538197e-03    3.818395e-02
   21700    0.000000e+00    0.000000e+00    3.577994e-05    3.346612e-02
   21800    0.000000e+00    0.000000e+00    5.483892e-04    3.410234e-02
   21900    0.000000e+00    0.000000e+00    1.536856e-04    3.481204e-02

