
=============================================================================================================================================================================

                                                                             Core map (t=0)

=============================================================================================================================================================================
 Block average:
  Blk ID          Volume Fission neutron           Power      Absorption     Scalar flux
       1       12.707082    3.657261e-03    4.871496e-14    2.182344e-03    6.118304e-02
       2       21.783568    3.589358e-03    4.781086e-14    2.141332e-03    5.979353e-02
       3       32.675352    3.463481e-03    4.613461e-14    2.066819e-03    5.762430e-02
       4       43.567137    3.310596e-03    4.409914e-14    1.974652e-03    5.467586e-02
       5       54.458921    3.116855e-03    4.151991e-14    1.859101e-03    5.102198e-02
       6       65.350705    2.897301e-03    3.859770e-14    1.727862e-03    4.676453e-02
       7       76.242489    2.674480e-03    3.563348e-14    1.593720e-03    4.199786e-02
       8       76.242489    2.579170e-03    3.437157e-14    1.531310e-03    3.742155e-02
       9       43.604240    0.000000e+00    0.000000e+00    1.826681e-07    3.470734e-02
    1000      614.507005    0.000000e+00    0.000000e+00    1.641314e-05    1.824298e-02
    1100        9.606182    0.000000e+00    0.000000e+00    5.350590e-04    3.369473e-02
    1200        6.892924    0.000000e+00    0.000000e+00    1.529011e-04    3.453997e-02

 Block max:
  Blk ID Fission neutron           Power      Absorption     Scalar flux
       1    3.684451e-03    4.907702e-14    2.198694e-03    6.169054e-02
       2    3.643399e-03    4.853039e-14    2.173814e-03    6.081473e-02
       3    3.545931e-03    4.723246e-14    2.116176e-03    5.914224e-02
       4    3.428978e-03    4.567537e-14    2.045530e-03    5.689982e-02
       5    3.263200e-03    4.346806e-14    1.946471e-03    5.380371e-02
       6    3.075808e-03    4.097350e-14    1.834434e-03    5.024322e-02
       7    2.857072e-03    3.806244e-14    1.704034e-03    4.595802e-02
       8    2.698910e-03    3.597303e-14    1.589411e-03    4.134770e-02
       9    0.000000e+00    0.000000e+00    1.877912e-07    3.596203e-02
    1000    0.000000e+00    0.000000e+00    3.571506e-05    3.346120e-02
    1100    0.000000e+00    0.000000e+00    5.489773e-04    3.409808e-02
    1200    0.000000e+00    0.000000e+00    1.533198e-04    3.480919e-02

