
=============================================================================================================================================================================

                                                                             Core map (t=0)

=============================================================================================================================================================================
 Block average:
  Blk ID          Volume Fission neutron           Power      Absorption     Scalar flux
       9     1329.057248    0.000000e+00    0.000000e+00    1.389636e-05    9.636875e-03
      20      843.553824    0.000000e+00    0.000000e+00    0.000000e+00    6.024574e-04
      40      927.100689    0.000000e+00    0.000000e+00    0.000000e+00    6.155150e-04
      71       36.956005    3.515732e-04    4.681945e-15    2.129949e-04    6.513373e-03
      72       63.353152    3.459572e-04    4.607213e-15    2.093700e-04    6.365754e-03
      73       95.029728    3.342757e-04    4.451666e-15    2.023945e-04    6.140168e-03
      74      126.706304    3.202140e-04    4.264516e-15    1.937027e-04    5.831883e-03
      75      158.382879    3.024923e-04    4.028710e-15    1.830205e-04    5.448426e-03
      76      190.059455    2.823697e-04    3.760967e-15    1.706726e-04    5.000184e-03
      77      221.736031    2.626715e-04    3.499017e-15    1.586303e-04    4.498689e-03
      78      221.736031    2.588180e-04    3.448576e-15    1.554309e-04    4.019816e-03
      79      126.814212    0.000000e+00    0.000000e+00    4.990793e-06    3.746608e-03
      81       27.595969    3.859510e-04    5.140425e-15    2.340423e-04    7.039812e-03
      82       47.307375    3.797900e-04    5.058417e-15    2.303307e-04    6.885269e-03
      83       70.961063    3.661087e-04    4.876208e-15    2.218186e-04    6.643599e-03
      84       94.614751    3.510005e-04    4.675123e-15    2.129237e-04    6.314626e-03
      85      118.268438    3.313766e-04    4.413897e-15    2.008491e-04    5.907450e-03
      86      141.922126    3.102547e-04    4.132850e-15    1.880368e-04    5.434291e-03
      87      165.575814    2.903854e-04    3.868661e-15    1.756444e-04    4.909177e-03
      88      165.575814    2.884464e-04    3.843762e-15    1.735319e-04    4.414982e-03
      89       94.695329    0.000000e+00    0.000000e+00    5.510465e-06    4.134692e-03
     101       48.413981    6.389603e-04    8.510131e-15    3.852936e-04    1.117435e-02
     102       82.995395    6.248312e-04    8.321957e-15    3.767650e-04    1.092903e-02
     103      124.493093    6.065464e-04    8.078593e-15    3.655961e-04    1.054967e-02
     104      165.990791    5.798305e-04    7.722923e-15    3.495566e-04    1.003389e-02
     105      207.488488    5.487211e-04    7.308815e-15    3.305619e-04    9.396725e-03
     106      248.986186    5.155364e-04    6.867290e-15    3.103789e-04    8.657633e-03
     107      290.483884    4.854785e-04    6.467760e-15    2.918290e-04    7.834540e-03
     108      290.483884    4.854850e-04    6.469578e-15    2.903129e-04    7.041809e-03
     124      160.453499    0.000000e+00    0.000000e+00    2.263630e-06    1.909136e-03
     125      129.355749    0.000000e+00    0.000000e+00    1.508259e-06    1.408715e-03
     126      142.202796    0.000000e+00    0.000000e+00    1.081415e-06    1.072388e-03
     127      155.049843    0.000000e+00    0.000000e+00    7.690445e-07    7.754991e-04
     128      204.441033    0.000000e+00    0.000000e+00    5.011036e-07    4.594409e-04
     129      232.619933    0.000000e+00    0.000000e+00    0.000000e+00    2.846423e-04
     133       38.002145    0.000000e+00    0.000000e+00    2.105609e-06    1.530495e-03
     134       30.636888    0.000000e+00    0.000000e+00    1.357167e-06    1.087585e-03
     135       33.679610    0.000000e+00    0.000000e+00    9.641253e-07    8.161064e-04
     136       36.722331    0.000000e+00    0.000000e+00    6.799012e-07    5.853304e-04
     137       48.420245    0.000000e+00    0.000000e+00    4.399102e-07    3.454184e-04
     138       55.094195    0.000000e+00    0.000000e+00    0.000000e+00    2.475306e-04
     201       48.413981    8.895278e-04    1.184729e-14    5.359443e-04    1.554907e-02
     202       82.995395    8.723697e-04    1.161888e-14    5.258671e-04    1.521175e-02
     203      124.493093    8.447510e-04    1.125117e-14    5.091555e-04    1.468750e-02
     204      165.990791    8.089751e-04    1.077491e-14    4.874089e-04    1.397459e-02
     205      207.488488    7.668339e-04    1.021400e-14    4.617410e-04    1.309543e-02
     206      248.986186    7.199767e-04    9.590547e-15    4.333671e-04    1.207848e-02
     207      290.483884    6.831758e-04    9.101671e-15    4.103541e-04    1.095299e-02
     208      290.483884    6.911923e-04    9.211039e-15    4.130136e-04    9.867912e-03
     210      352.298079    0.000000e+00    0.000000e+00    3.571346e-05    2.078573e-03
     251      427.710128    0.000000e+00    0.000000e+00    4.239910e-05    3.353949e-03
     301       48.413981    1.072240e-03    1.428080e-14    6.458360e-04    1.867950e-02
     302       82.995395    1.045546e-03    1.392540e-14    6.303421e-04    1.827186e-02
     303      124.493093    1.015995e-03    1.353195e-14    6.119292e-04    1.764484e-02
     304      165.990791    9.719382e-04    1.294547e-14    5.855633e-04    1.679140e-02
     305      207.488488    9.212369e-04    1.227063e-14    5.549035e-04    1.574057e-02
     306      248.986186    8.675594e-04    1.155651e-14    5.221400e-04    1.452221e-02
     307      290.483884    8.226138e-04    1.095936e-14    4.941859e-04    1.317822e-02
     308      290.483884    8.378067e-04    1.116491e-14    5.001924e-04    1.188588e-02
     340      101.299767    0.000000e+00    0.000000e+00    4.052256e-05    2.987471e-03
     401       48.413981    1.162831e-03    1.548739e-14    7.008820e-04    2.030438e-02
     402       82.995395    1.138942e-03    1.516933e-14    6.866471e-04    1.986172e-02
     403      124.493093    1.102596e-03    1.468541e-14    6.645511e-04    1.917858e-02
     404      165.990791    1.057176e-03    1.408076e-14    6.369541e-04    1.825432e-02
     405      207.488488    1.003176e-03    1.336207e-14    6.038780e-04    1.711386e-02
     406      248.986186    9.416211e-04    1.254303e-14    5.669197e-04    1.579380e-02
     407      290.483884    8.966600e-04    1.194588e-14    5.385023e-04    1.433655e-02
     408      290.483884    9.139373e-04    1.217950e-14    5.456593e-04    1.293528e-02
     410      387.190221    0.000000e+00    0.000000e+00    1.718216e-05    2.201075e-03
     501       48.413981    1.161684e-03    1.547211e-14    7.001694e-04    2.029591e-02
     502       82.995395    1.137536e-03    1.515057e-14    6.855125e-04    1.985514e-02
     503      124.493093    1.102762e-03    1.468765e-14    6.646456e-04    1.917550e-02
     504      165.990791    1.057236e-03    1.408152e-14    6.369071e-04    1.825219e-02
     505      207.488488    1.001230e-03    1.333611e-14    6.029213e-04    1.711232e-02
     506      248.986186    9.418621e-04    1.254625e-14    5.671295e-04    1.579228e-02
     507      290.483884    8.947135e-04    1.191993e-14    5.376569e-04    1.433478e-02
     508      290.483884    9.131080e-04    1.216843e-14    5.452155e-04    1.293286e-02
     601       48.413981    1.068758e-03    1.423443e-14    6.439984e-04    1.866490e-02
     602       82.995395    1.044867e-03    1.391637e-14    6.297070e-04    1.826155e-02
     603      124.493093    1.014686e-03    1.351454e-14    6.113614e-04    1.763722e-02
     604      165.990791    9.717865e-04    1.294342e-14    5.853306e-04    1.678868e-02
     605      207.488488    9.219381e-04    1.227998e-14    5.551461e-04    1.573946e-02
     606      248.986186    8.673874e-04    1.155423e-14    5.221151e-04    1.452275e-02
     607      290.483884    8.220652e-04    1.095201e-14    4.938390e-04    1.317816e-02
     608      290.483884    8.370664e-04    1.115506e-14    4.999156e-04    1.188468e-02
     701       48.413981    8.881973e-04    1.182963e-14    5.354229e-04    1.554975e-02
     702       82.995395    8.703664e-04    1.159211e-14    5.244981e-04    1.521343e-02
     703      124.493093    8.434483e-04    1.123375e-14    5.083925e-04    1.468839e-02
     704      165.990791    8.083996e-04    1.076721e-14    4.870107e-04    1.397623e-02
     705      207.488488    7.663882e-04    1.020806e-14    4.615543e-04    1.309731e-02
     706      248.986186    7.196387e-04    9.586044e-15    4.333317e-04    1.207782e-02
     707      290.483884    6.815380e-04    9.079816e-15    4.095977e-04    1.095074e-02
     708      290.483884    6.898814e-04    9.193523e-15    4.121404e-04    9.865675e-03
     801       48.413981    6.358407e-04    8.468428e-15    3.834190e-04    1.119306e-02
     802       82.995395    6.246605e-04    8.319571e-15    3.763976e-04    1.094646e-02
     803      124.493093    6.052701e-04    8.061430e-15    3.648170e-04    1.056545e-02
     804      165.990791    5.797170e-04    7.721262e-15    3.491977e-04    1.004465e-02
     805      207.488488    5.465826e-04    7.280213e-15    3.292148e-04    9.401431e-03
     806      248.986186    5.120925e-04    6.821276e-15    3.083472e-04    8.655795e-03
     807      290.483884    4.823630e-04    6.426175e-15    2.899533e-04    7.826834e-03
     808      290.483884    4.830440e-04    6.436976e-15    2.889352e-04    7.028109e-03
    1000      210.096243    0.000000e+00    0.000000e+00    4.499333e-05    9.473716e-03
    1100      292.796523    0.000000e+00    0.000000e+00    1.646466e-04    9.373453e-03
    1200     5066.952600    0.000000e+00    0.000000e+00    7.403119e-06    8.295998e-03
    1300     4084.918377    0.000000e+00    0.000000e+00    4.907690e-06    6.747233e-03
    1400     4490.614609    0.000000e+00    0.000000e+00    3.562217e-06    5.441194e-03
    1401       20.046683    0.000000e+00    0.000000e+00    1.598997e-05    3.711822e-03
    1402       14.969357    0.000000e+00    0.000000e+00    1.787439e-05    4.096686e-03
    1500     4896.310841    0.000000e+00    0.000000e+00    2.586282e-06    4.183175e-03
    1501       27.937668    0.000000e+00    0.000000e+00    5.532276e-05    3.593437e-03
    1502       20.861752    0.000000e+00    0.000000e+00    6.251722e-05    3.971647e-03
    1600     6456.032634    0.000000e+00    0.000000e+00    1.766743e-06    2.860194e-03
    1601      483.471727    0.000000e+00    0.000000e+00    3.117942e-06    3.004785e-03
    1602      361.020373    0.000000e+00    0.000000e+00    3.280915e-06    3.350122e-03
    1700     7345.892631    0.000000e+00    0.000000e+00    1.034571e-06    1.454529e-03
    1701      389.769295    0.000000e+00    0.000000e+00    2.062250e-06    2.315689e-03
    1702      291.050434    0.000000e+00    0.000000e+00    2.189326e-06    2.599736e-03
    1801      428.479477    0.000000e+00    0.000000e+00    1.485800e-06    1.800661e-03
    1802      319.956291    0.000000e+00    0.000000e+00    1.578558e-06    2.026929e-03
    1901      467.189659    0.000000e+00    0.000000e+00    1.062079e-06    1.326317e-03
    1902      348.862147    0.000000e+00    0.000000e+00    1.133276e-06    1.495585e-03
    2001      616.013114    0.000000e+00    0.000000e+00    6.967263e-07    8.041977e-04
    2002      459.992325    0.000000e+00    0.000000e+00    7.452440e-07    9.082200e-04
    2101      700.920589    0.000000e+00    0.000000e+00    0.000000e+00    4.076978e-04
    2102      523.394850    0.000000e+00    0.000000e+00    0.000000e+00    4.449365e-04

 Block max:
  Blk ID Fission neutron           Power      Absorption     Scalar flux
       9    0.000000e+00    0.000000e+00    1.764135e-05    1.237864e-02
      20    0.000000e+00    0.000000e+00    0.000000e+00    1.441592e-03
      40    0.000000e+00    0.000000e+00    0.000000e+00    1.537781e-03
      71    3.545541e-04    4.721649e-15    2.148065e-04    6.567525e-03
      72    3.515834e-04    4.682132e-15    2.127905e-04    6.473484e-03
      73    3.416965e-04    4.550443e-15    2.069249e-04    6.298176e-03
      74    3.313722e-04    4.413041e-15    2.004773e-04    6.064733e-03
      75    3.162641e-04    4.211986e-15    1.913764e-04    5.740683e-03
      76    2.988098e-04    3.979702e-15    1.806855e-04    5.366607e-03
      77    2.777696e-04    3.699737e-15    1.681046e-04    4.915979e-03
      78    2.758378e-04    3.676019e-15    1.642922e-04    4.434603e-03
      79    0.000000e+00    0.000000e+00    5.116172e-06    3.905168e-03
      81    3.885520e-04    5.175056e-15    2.356516e-04    7.096137e-03
      82    3.850328e-04    5.128213e-15    2.335688e-04    6.999041e-03
      83    3.740811e-04    4.982346e-15    2.267022e-04    6.812759e-03
      84    3.627360e-04    4.831348e-15    2.200928e-04    6.562736e-03
      85    3.457926e-04    4.605762e-15    2.096384e-04    6.217471e-03
      86    3.274416e-04    4.361537e-15    1.985451e-04    5.821359e-03
      87    3.059405e-04    4.075462e-15    1.854356e-04    5.346764e-03
      88    3.089723e-04    4.118004e-15    1.843001e-04    4.845388e-03
      89    0.000000e+00    0.000000e+00    5.635232e-06    4.304489e-03
     101    6.435276e-04    8.570944e-15    3.880665e-04    1.126372e-02
     102    6.340039e-04    8.444085e-15    3.823385e-04    1.110880e-02
     103    6.200835e-04    8.258835e-15    3.738262e-04    1.081518e-02
     104    5.992192e-04    7.981038e-15    3.613071e-04    1.042256e-02
     105    5.722369e-04    7.621795e-15    3.447975e-04    9.881404e-03
     106    5.428792e-04    7.231084e-15    3.270078e-04    9.260378e-03
     107    5.089304e-04    6.779427e-15    3.065626e-04    8.512519e-03
     108    5.233478e-04    6.976210e-15    3.088786e-04    7.708621e-03
     124    0.000000e+00    0.000000e+00    2.969461e-06    2.376280e-03
     125    0.000000e+00    0.000000e+00    1.975344e-06    1.739715e-03
     126    0.000000e+00    0.000000e+00    1.342326e-06    1.286976e-03
     127    0.000000e+00    0.000000e+00    9.657251e-07    9.577143e-04
     128    0.000000e+00    0.000000e+00    6.631331e-07    6.247556e-04
     129    0.000000e+00    0.000000e+00    0.000000e+00    3.674751e-04
     133    0.000000e+00    0.000000e+00    2.880680e-06    2.026627e-03
     134    0.000000e+00    0.000000e+00    1.803764e-06    1.366640e-03
     135    0.000000e+00    0.000000e+00    1.207167e-06    9.900036e-04
     136    0.000000e+00    0.000000e+00    8.574452e-07    7.272614e-04
     137    0.000000e+00    0.000000e+00    5.831569e-07    4.733533e-04
     138    0.000000e+00    0.000000e+00    0.000000e+00    3.149743e-04
     201    8.955016e-04    1.192682e-14    5.395862e-04    1.567211e-02
     202    8.842673e-04    1.177726e-14    5.331319e-04    1.545948e-02
     203    8.635611e-04    1.150161e-14    5.205557e-04    1.505447e-02
     204    8.362905e-04    1.113856e-14    5.039278e-04    1.451162e-02
     205    7.990847e-04    1.064323e-14    4.812716e-04    1.376379e-02
     206    7.561526e-04    1.007180e-14    4.554313e-04    1.290620e-02
     207    7.222085e-04    9.625085e-15    4.289346e-04    1.187779e-02
     208    7.547768e-04    1.006141e-14    4.448756e-04    1.077556e-02
     210    0.000000e+00    0.000000e+00    4.392442e-05    2.800217e-03
     251    0.000000e+00    0.000000e+00    5.216673e-05    4.473025e-03
     301    1.079641e-03    1.437935e-14    6.503280e-04    1.882821e-02
     302    1.060377e-03    1.412285e-14    6.393498e-04    1.856982e-02
     303    1.038417e-03    1.383046e-14    6.255306e-04    1.808399e-02
     304    1.003963e-03    1.337179e-14    6.049775e-04    1.743381e-02
     305    9.592418e-04    1.277641e-14    5.779503e-04    1.654020e-02
     306    9.117013e-04    1.214376e-14    5.489815e-04    1.551287e-02
     307    8.756163e-04    1.166966e-14    5.175237e-04    1.428136e-02
     308    9.182599e-04    1.224076e-14    5.407253e-04    1.296758e-02
     340    0.000000e+00    0.000000e+00    5.102686e-05    4.014490e-03
     401    1.171312e-03    1.560032e-14    7.060140e-04    2.046603e-02
     402    1.155662e-03    1.539192e-14    6.967711e-04    2.018599e-02
     403    1.127168e-03    1.501255e-14    6.794246e-04    1.965596e-02
     404    1.091851e-03    1.454238e-14    6.579745e-04    1.895079e-02
     405    1.044564e-03    1.391290e-14    6.289627e-04    1.798127e-02
     406    9.881434e-04    1.316190e-14    5.953011e-04    1.686759e-02
     407    9.563001e-04    1.274501e-14    5.649902e-04    1.553303e-02
     408    1.003361e-03    1.337523e-14    5.907847e-04    1.410800e-02
     410    0.000000e+00    0.000000e+00    2.089491e-05    2.970042e-03
     501    1.169647e-03    1.557815e-14    7.050271e-04    2.045675e-02
     502    1.153585e-03    1.536424e-14    6.952665e-04    2.017783e-02
     503    1.126996e-03    1.501029e-14    6.793310e-04    1.965115e-02
     504    1.091961e-03    1.454381e-14    6.579612e-04    1.894806e-02
     505    1.042272e-03    1.388231e-14    6.278282e-04    1.797936e-02
     506    9.887777e-04    1.317037e-14    5.957191e-04    1.686587e-02
     507    9.539399e-04    1.271355e-14    5.639246e-04    1.553143e-02
     508    1.002988e-03    1.337026e-14    5.905957e-04    1.410565e-02
     601    1.075785e-03    1.432799e-14    6.482885e-04    1.881186e-02
     602    1.059477e-03    1.411088e-14    6.385822e-04    1.855729e-02
     603    1.037368e-03    1.381653e-14    6.250911e-04    1.807433e-02
     604    1.003347e-03    1.336355e-14    6.044795e-04    1.742853e-02
     605    9.599418e-04    1.278576e-14    5.781914e-04    1.653805e-02
     606    9.110301e-04    1.213482e-14    5.486924e-04    1.551255e-02
     607    8.745605e-04    1.165556e-14    5.169348e-04    1.428172e-02
     608    9.174531e-04    1.223002e-14    5.404164e-04    1.296696e-02
     701    8.943317e-04    1.191130e-14    5.391481e-04    1.567229e-02
     702    8.828705e-04    1.175858e-14    5.320783e-04    1.546083e-02
     703    8.627983e-04    1.149139e-14    5.200785e-04    1.505579e-02
     704    8.351483e-04    1.112330e-14    5.032195e-04    1.451280e-02
     705    7.982648e-04    1.063229e-14    4.808745e-04    1.376619e-02
     706    7.562766e-04    1.007346e-14    4.556494e-04    1.290729e-02
     707    7.203349e-04    9.600082e-15    4.280266e-04    1.187631e-02
     708    7.527257e-04    1.003402e-14    4.435664e-04    1.077422e-02
     801    6.407194e-04    8.533398e-15    3.863599e-04    1.128333e-02
     802    6.340579e-04    8.444698e-15    3.820835e-04    1.112708e-02
     803    6.188225e-04    8.241870e-15    3.730541e-04    1.083257e-02
     804    5.996889e-04    7.987152e-15    3.612812e-04    1.043709e-02
     805    5.701620e-04    7.594033e-15    3.434856e-04    9.890295e-03
     806    5.394676e-04    7.185483e-15    3.249870e-04    9.263285e-03
     807    5.057963e-04    6.737587e-15    3.046865e-04    8.508968e-03
     808    5.207156e-04    6.941054e-15    3.073886e-04    7.698811e-03
    1000    0.000000e+00    0.000000e+00    5.655313e-05    1.180427e-02
    1100    0.000000e+00    0.000000e+00    2.095055e-04    1.174573e-02
    1200    0.000000e+00    0.000000e+00    1.216252e-05    1.157835e-02
    1300    0.000000e+00    0.000000e+00    7.779195e-06    9.768576e-03
    1400    0.000000e+00    0.000000e+00    5.365006e-06    7.872292e-03
    1401    0.000000e+00    0.000000e+00    1.606638e-05    3.750802e-03
    1402    0.000000e+00    0.000000e+00    1.794445e-05    4.138894e-03
    1500    0.000000e+00    0.000000e+00    3.949764e-06    6.265350e-03
    1501    0.000000e+00    0.000000e+00    5.613333e-05    3.660930e-03
    1502    0.000000e+00    0.000000e+00    6.346143e-05    4.043234e-03
    1600    0.000000e+00    0.000000e+00    2.806993e-06    4.587078e-03
    1601    0.000000e+00    0.000000e+00    4.135743e-06    3.560046e-03
    1602    0.000000e+00    0.000000e+00    4.330849e-06    3.939607e-03
    1700    0.000000e+00    0.000000e+00    1.762500e-06    2.640758e-03
    1701    0.000000e+00    0.000000e+00    2.682180e-06    2.788061e-03
    1702    0.000000e+00    0.000000e+00    2.834172e-06    3.119739e-03
    1801    0.000000e+00    0.000000e+00    1.832987e-06    2.131756e-03
    1802    0.000000e+00    0.000000e+00    1.940717e-06    2.395850e-03
    1901    0.000000e+00    0.000000e+00    1.325454e-06    1.619847e-03
    1902    0.000000e+00    0.000000e+00    1.410418e-06    1.824563e-03
    2001    0.000000e+00    0.000000e+00    9.174914e-07    1.080129e-03
    2002    0.000000e+00    0.000000e+00    9.791249e-07    1.218618e-03
    2101    0.000000e+00    0.000000e+00    0.000000e+00    5.519512e-04
    2102    0.000000e+00    0.000000e+00    0.000000e+00    6.086407e-04

